																																																						
																																																						
																																																						
																																																						
																																																						
																																																						
																																																						
																																																						
																																																						
																																																						
435.4818195	487.0046133	606.23788	737.6699767	803.2718409																																																		
428.8715883	479.2505399	595.8367447	724.3509569	788.4964137																																																		
399.7926476	448.269491	560.4538659	684.1158942	745.8394746																																																		
354.7427736	401.7173618	510.4252404	630.2550899	690.0659102																																																		
340.5247551	386.1452934	491.7196502	608.0953854	666.1821492																																																		
340.5830763	385.3270985	488.8730351	603.0128212	659.983553																																																		
352.0553932	396.3124219	498.7313657	611.6288556	667.9795186																																																		
362.9798116	407.1030047	509.2122282	621.76831	677.9485657	465.8534777	536.8616565	694.1299374	857.8402409	936.3534213																																													
374.843004	418.6508416	520.030274	631.7818994	687.5606257	458.9677974	528.3995449	682.1763599	842.2521801	919.0223129																																													
385.980189	429.8629356	531.4157213	643.3584358	699.2325406	433.1979629	500.0082446	647.9790607	802.0110567	875.8826555																																													
395.8415132	439.8827542	541.8023252	654.1493512	710.2252605	393.7882525	458.5281416	601.9134707	751.172149	822.7545312																																													
406.2417129	450.3748345	552.5070342	665.088443	721.2813401	384.1717196	447.0454712	586.2976954	731.2539687	800.7729775																																													
412.1973006	456.6657892	559.5740902	673.0110037	729.6309099	387.382681	449.0484273	585.6251721	727.796373	795.9796998																																													
419.8280501	464.5233368	567.9564907	681.9719551	738.8806342	400.843882	461.8384589	596.928704	737.552515	804.9937353																																													
430.3905766	475.1367164	578.6875535	692.8327414	749.8061695	413.565829	474.3759551	609.05768	749.2562372	816.4935116	492.6528759	588.7830856	791.8479483	992.2614538	1085.240542																																								
437.2122434	482.0528862	585.822421	700.2086817	757.3024367	427.5407246	487.916231	621.6353639	760.8318994	827.5886182	485.5710532	579.567105	778.1237856	974.0879709	1065.002858																																								
448.458624	493.278699	597.0006359	711.3344288	768.4019956	440.069098	500.5478431	634.4956284	773.9301824	840.8010515	463.2422049	553.6893408	744.7493134	933.314673	1020.796977																																								
457.3586953	502.4104167	606.6684264	721.593138	778.9556508	451.1676574	511.8648379	646.296412	786.2345715	853.3469629	429.5768147	517.2210725	702.3602626	885.0821456	969.8534488																																								
475.751395	521.0998826	626.044664	741.7264113	799.4667843	463.2669119	524.0907213	658.8027519	799.032856	866.2852599	424.6556485	509.7735467	689.5760704	867.0309662	949.3587233																																								
489.0398862	534.5462757	639.8564712	755.9410185	813.8824415	470.9599088	532.2459175	667.981623	809.2773339	877.040788	431.0800223	514.5625341	690.9104777	864.9558989	945.7018771																																								
504.3142478	550.2187127	656.4501283	773.5501463	831.9984224	480.6218382	542.2204179	678.6484026	820.6647499	888.7738111	446.5638723	529.1377614	703.5663359	875.7174487	955.5845885																																								
514.4719308	561.3197731	669.7654652	789.3586277	849.072031	493.3587836	555.0274483	691.6106569	833.7885862	901.9751399	461.0926272	543.4168084	717.3179017	888.9484203	968.5740377	520.6472303	645.4573387	898.5086868	1138.398677	1247.191661																																			
524.8118462	572.6204093	683.321776	805.4558597	866.4590957	502.9496511	564.748559	701.620229	844.0984358	912.4289984	477.2010907	558.9368878	731.595082	901.9989296	981.0554499	513.3427363	635.381973	882.815404	1117.379668	1223.757372																																			
535.3413043	584.1286177	697.12868	821.853311	884.1720328	516.6164704	578.3870318	715.1959203	857.608774	925.9079941	491.1154587	572.9910195	745.9444497	916.6396786	995.8313811	494.410759	611.842281	849.933613	1075.641667	1178.002973																																			
546.0676719	595.8524577	711.1958761	838.5625507	902.2233708	527.8990246	589.9888388	727.5048055	870.6537007	939.3059161	503.4402645	585.6115411	759.1896393	930.5013803	1009.979105	466.4548477	580.2472689	810.9603573	1029.673914	1128.863133																																			
556.9983654	607.8000435	725.5331326	855.5952372	920.6257382	547.177412	609.6762263	748.0980426	892.1898927	961.2943361	517.2322034	599.5749089	773.5151328	945.1842711	1024.827806	466.1976441	576.7099807	800.7727279	1013.181832	1109.511906																																			
568.1406786	619.979357	740.1500637	872.9628535	939.3915791	562.2667542	624.9831872	763.8869836	908.4805567	977.8256195	526.6393572	609.6077839	784.8697773	957.8434271	1038.092172	475.8151012	584.2041434	803.9619305	1012.289978	1106.769244																																			
579.5017811	632.3982454	755.0561272	890.6767052	958.5331508	579.0031063	642.2681627	782.3870453	928.2454769	998.1971483	538.3167419	621.7083242	797.8641888	971.7200388	1052.378068	493.3103056	600.5196426	817.8855883	1023.946196	1117.39715																																			
591.0888895	645.0646084	770.2608475	908.7481831	978.0628064	590.5853794	655.0297368	797.8555195	946.6840575	1018.117871	553.2245803	636.7110431	813.0673327	987.1209909	1067.870791	509.6427644	616.5278946	833.2365142	1038.673984	1131.842337	558.2307058	712.5194476	1017.2971	1299.693783	1426.241086																														
602.9092758	657.9864069	785.7738261	927.1887757	997.9930083	602.4009351	668.0466439	813.6319704	965.4914531	1038.438891	565.5780962	649.240881	825.9696322	1000.390889	1081.311231	527.8774819	633.9986869	849.1584551	1053.12763	1145.630094	550.4906554	701.3540791	999.3654544	1275.492733	1399.230598																														
614.9702671	671.1716635	801.604742	946.01007	1018.336329	614.4571005	681.3269071	829.7260786	984.6792531	1059.172784	581.6667802	665.2911898	841.9388775	1016.280129	1097.163354	543.1795819	649.4822483	865.0099278	1069.327879	1161.988517	534.6015398	679.7689626	966.5286175	1232.230432	1351.296449																														
627.2792465	684.6284626	817.7633524	965.2237519	1039.105451	626.7612588	694.8786075	846.1475916	1004.25913	1080.332218	595.3157565	679.3723676	856.9330349	1032.175346	1113.476604	556.7343099	663.4209172	879.7270333	1084.782934	1177.778241	512.0755163	652.7443269	930.6175492	1188.085495	1303.46176																														
639.843655	698.364953	834.2594953	984.8416099	1060.313173	639.3208514	708.709886	862.9063265	1024.242843	1101.92996	615.4592558	700.0695673	878.7998679	1055.19654	1137.033349	572.2210641	679.1302453	895.8876278	1101.371324	1194.560642	516.2302674	652.8442773	922.70776	1172.754152	1284.804677																														
652.6710388	712.3893993	851.1031516	1004.875608	1081.972485	652.1434251	722.8289965	880.0122332	1044.642313	1123.978957	632.3385011	717.2434228	896.5960563	1073.606936	1155.728698	583.350153	691.0717356	909.4762547	1116.521419	1210.418881	528.877676	662.8668949	927.5454393	1172.787642	1282.68532																														
665.76905	726.7101831	868.3044456	1025.337886	1104.096573	665.2366328	737.2443056	897.4753958	1065.469626	1146.492334	650.5092437	736.1568867	917.0784399	1095.637754	1178.477891	597.048253	705.3192373	924.8376631	1132.938799	1227.315157	548.2935984	680.8244801	942.6222661	1185.195256	1293.896808																														
679.1454005	741.335752	885.8735854	1046.240692	1126.698741	678.6081873	751.9642424	915.30597	1086.736956	1169.48332	663.7462677	750.8671588	935.0788369	1117.168157	1201.750805	614.1281638	722.5223357	942.2905232	1150.62843	1245.112167	566.4048523	698.5349536	959.5410492	1201.380485	1309.753318	615.567396	796.4290546	1151.840087	1479.881202	1626.621439																									
692.8078602	756.2746185	903.8208604	1067.596375	1149.792409	692.2658597	766.9972957	933.5141806	1108.456564	1192.965239	677.2696159	765.8905675	953.4564328	1139.150193	1225.514022	629.24652	737.8696185	958.1019528	1166.879866	1261.563151	586.7071316	717.8928778	977.0335208	1217.144491	1324.742766	606.9532539	783.7996571	1131.320316	1452.078689	1595.561189																									
706.7642573	771.5353594	922.1566416	1089.417388	1173.391112	706.2174795	782.3520147	952.1103216	1130.640797	1216.951515	691.087157	781.2356649	972.2214703	1161.596132	1249.780882	647.7565916	756.329866	976.4611821	1185.143332	1279.783186	603.4109052	734.8209718	994.4047311	1234.926278	1342.70854	593.3777549	763.5471435	1097.946809	1406.594626	1544.659799																									
721.0224786	787.1266169	940.8913823	1111.716291	1197.508503	720.4709353	798.0370094	971.1047571	1153.30209	1241.455672	705.2068247	796.9110641	991.3842539	1184.518317	1274.56481	663.7773626	772.9117832	994.1808182	1203.941513	1299.070501	618.2250535	750.1097431	1010.631059	1252.021315	1360.192862	575.7056728	740.6016599	1064.638571	1363.721659	1497.508313																									
735.5904691	803.0570979	960.0356176	1134.505745	1222.158353	735.0341738	814.0609497	990.5079203	1176.452965	1266.491329	719.6366174	812.925439	1010.955149	1207.929165	1299.879315	684.7928566	794.6461709	1017.372756	1228.515194	1324.270818	635.4237233	767.5835561	1028.648382	1270.542236	1378.939455	583.7532523	743.8960865	1058.592582	1349.054553	1478.984786																									
750.4762201	819.3355608	979.5999487	1157.798499	1247.354528	749.9151885	830.4325527	1010.330297	1200.106012	1292.072186	734.3845869	829.2875108	1030.944564	1231.841146	1325.737971	703.4656671	813.701487	1037.203599	1249.081227	1345.17027	648.3371638	781.5012774	1044.549932	1288.281934	1397.502862	599.0945666	756.1605462	1064.810718	1349.691988	1477.125847																									
765.687769	835.9708159	999.5950432	1181.607386	1273.110991	765.1220191	847.160582	1030.582427	1224.273887	1318.212018	749.4588384	846.0060481	1051.362954	1256.266787	1352.154413	723.0800328	834.2801605	1059.737398	1273.468464	1370.398063	664.0981896	797.9414668	1062.331722	1307.306806	1417.084782	620.2444996	775.6009747	1080.891802	1362.672427	1488.719297																									
781.2332125	852.971739	1020.031652	1205.945346	1299.441825	780.662765	864.2538625	1051.274918	1248.969335	1344.9247	764.8675426	863.0898809	1072.220833	1281.218685	1379.142363	738.2575393	851.2669754	1080.660544	1298.554238	1397.529773	683.3596373	817.3551975	1082.046268	1327.300078	1437.202956	640.0832377	794.9699066	1099.337518	1380.266024	1505.931721	702.4582598	903.8245781	1305.703411	1681.773234	1851.22991																				
797.1207069	870.3472723	1040.920609	1230.825426	1326.361232	796.5455852	881.7212808	1072.418452	1274.205188	1372.22421	780.6189372	880.5479015	1093.528778	1306.709516	1406.715627	753.7786235	868.6284695	1102.033343	1324.178091	1425.24592	701.260422	835.5389786	1100.789073	1346.560854	1456.695846	662.3321754	816.1118443	1118.304091	1397.224756	1521.9923	692.3139027	889.2097478	1282.166589	1649.887399	1815.582018																				
813.3584688	888.1064251	1062.272833	1256.260781	1353.883535	812.7786993	899.5717853	1094.023779	1299.994371	1400.124626	796.7213267	898.3890647	1115.29743	1332.752031	1434.888102	769.6517345	886.373661	1123.866388	1350.352682	1453.5603	722.1880533	856.4050179	1121.533445	1367.192493	1477.276967	680.4663418	834.5089655	1137.217944	1416.615548	1541.596438	679.9609452	869.4227888	1247.543148	1601.380287	1760.818938																				
829.9547749	906.2582737	1084.099329	1282.264673	1382.023179	829.3703875	917.8143873	1116.101723	1326.349895	1428.640126	813.1830834	916.6223884	1137.537491	1359.359057	1463.673769	785.8854003	904.5116363	1146.170335	1377.090738	1482.486791	740.6237316	875.5343783	1142.033085	1388.961789	1499.61522	696.6006752	851.1996656	1155.00196	1435.408684	1560.840976	666.2810905	849.8716762	1216.274414	1559.146447	1713.644234																				
846.9176549	924.8116253	1106.410784	1308.849997	1410.794217	846.3286832	936.4578195	1138.662764	1353.284372	1457.784462	830.0123449	935.2566131	1160.259305	1386.542994	1493.086155	802.4879366	923.0512139	1168.955473	1404.404548	1512.038799	762.5664526	898.3657871	1166.619983	1415.175264	1526.557594	715.5464866	870.4680075	1174.904106	1455.895826	1581.5898	677.4447969	855.743355	1211.584476	1544.573169	1694.617532																				
864.2480926	943.7675949	1129.208684	1336.018772	1440.198982	863.654579	955.5030213	1161.707904	1380.799149	1487.559258	847.2103508	954.292696	1183.463549	1414.30469	1523.126353	819.4610002	941.9935352	1192.222349	1432.29469	1542.217132	783.0622163	919.3343994	1188.522647	1437.943389	1549.713549	730.3728543	886.4716219	1193.221127	1476.348099	1602.99722	694.9772355	869.8501095	1218.854387	1545.445305	1692.606837																				
881.9399524	963.1195223	1152.485215	1363.76201	1470.227941	881.3419531	974.9430608	1185.228575	1408.884199	1517.953882	864.7713605	973.7237336	1207.141153	1442.633344	1553.782908	836.7994961	961.3319811	1215.961689	1460.74995	1573.009897	804.1942924	941.6585412	1213.201562	1464.804157	1577.552047	748.2837574	905.1786599	1213.492649	1498.063625	1625.358682	717.581833	890.5513926	1235.757112	1558.793418	1704.353245																				
899.986728	982.8603418	1176.232071	1392.070137	1500.870929	899.3843131	994.7706001	1209.215717	1437.52891	1548.957066	882.6892639	993.5424158	1231.282556	1471.517568	1585.04373	854.4979627	981.0595273	1240.163732	1489.758525	1604.40456	821.6216897	961.2371489	1237.384719	1493.840162	1608.977885	769.7462384	926.8196514	1235.484431	1520.379184	1647.819073	739.0712855	911.5177759	1255.679575	1577.739001	1722.858649	826.3704055	1040.977933	1482.294034	1906.714422	2100.797711															
918.3818497	1002.982917	1200.44086	1420.933471	1532.117658	917.7751026	1014.978235	1233.660196	1466.72257	1580.557435	900.9578824	1013.741366	1255.878126	1500.945889	1616.89663	872.5508623	1001.169078	1264.818647	1519.308535	1636.388502	839.4076124	981.2004577	1262.021154	1523.417001	1640.992333	790.4656832	947.8708326	1257.187507	1542.683953	1670.392993	763.0859892	934.2999768	1276.001996	1595.759612	1739.842066	813.8739351	1023.717025	1455.2356	1870.233558	2060.008062															
937.1186838	1023.480042	1225.103104	1450.34222	1563.957719	936.5077016	1035.558493	1258.552797	1496.454376	1612.743505	919.5709685	1034.313139	1280.918163	1530.906749	1649.329326	890.9525807	1021.653468	1289.916538	1549.38802	1668.949011	857.5471916	1001.541744	1287.101032	1553.522622	1673.582581	813.8029887	971.1359381	1280.310732	1565.676224	1693.326686	782.6935173	954.2002713	1296.486582	1616.790966	1761.119793	801.3767747	1003.297027	1418.523182	1817.852473	2000.46185															
956.1905326	1044.344439	1250.210231	1480.286481	1596.38058	955.5754254	1056.503836	1283.884228	1526.713423	1645.503684	938.5222053	1055.250224	1306.392893	1561.388505	1682.329436	909.6974267	1042.505457	1315.447439	1579.98494	1702.073287	876.0354736	1022.254207	1312.614449	1584.144901	1706.735727	834.7423847	992.8884881	1303.66121	1590.501575	1718.811781	800.2389503	972.3651475	1315.887718	1637.348968	1782.199077	790.6097142	986.2726332	1388.631291	1775.585714	1952.536185															
975.590634	1065.568759	1275.753585	1510.756239	1629.375585	974.9715252	1077.806657	1309.645118	1557.488711	1678.826271	957.8052061	1076.54504	1332.292474	1592.379426	1715.884485	928.7796314	1063.717737	1341.401319	1611.087179	1735.748439	894.8674193	1043.330967	1338.551431	1615.271633	1740.438785	857.7261093	1016.913958	1329.733812	1618.463661	1747.619076	820.9846072	993.4699008	1337.709142	1659.841037	1804.993339	803.9166061	993.9395105	1384.700116	1760.500517	1932.350362															
995.3121646	1087.145585	1301.724423	1541.741372	1662.931957	994.6891902	1099.459288	1335.826025	1588.769149	1712.699461	977.4135175	1098.189945	1358.606998	1623.867705	1749.981902	948.1933513	1085.282929	1367.768083	1642.682545	1769.961491	914.0379067	1064.765071	1364.901942	1646.890541	1774.678683	880.1053637	1039.847499	1353.756581	1643.491778	1773.096907	837.9162732	1011.71228	1358.567391	1683.147162	1829.402474	823.0103555	1009.382314	1392.635162	1761.215238	1929.7633															
1015.34824	1109.067431	1328.113916	1573.231652	1697.038804	1014.721548	1121.453992	1362.417427	1620.543551	1747.111346	997.340619	1120.177228	1385.326487	1655.841452	1784.609029	967.9326672	1107.193586	1394.537572	1674.758775	1804.699385	933.5417302	1086.549491	1391.655881	1678.989278	1809.442268	902.9077675	1064.047276	1380.702335	1672.972043	1803.710917	858.1071482	1032.78955	1381.41369	1707.648884	1854.650127	846.7196924	1031.06318	1410.144708	1774.713163	1941.42675															
1035.691909	1131.326741	1354.913145	1605.216737	1731.685105	1035.061662	1143.782968	1389.409728	1652.800634	1782.049905	1017.579919	1142.499113	1412.440896	1688.288689	1819.753107	987.9915811	1129.442187	1421.69956	1707.303522	1839.948969	953.3735967	1108.677119	1418.803077	1711.555417	1844.716297	922.5222778	1086.036707	1407.792532	1705.50771	1838.955384	881.7998325	1056.680983	1405.701778	1732.308152	1879.476649	869.7636926	1053.549716	1431.484881	1794.950862	1961.160298	987.4377081	1208.988552	1680.982739	2151.08217	2370.37567										
1056.336156	1153.915884	1382.113101	1637.68617	1766.859713	1055.702526	1166.438344	1416.793249	1685.529015	1817.503008	1038.124756	1165.147752	1439.940106	1721.197353	1855.401278	1008.364015	1152.021138	1449.243752	1740.304363	1875.697001	973.5281247	1131.140766	1446.33329	1744.576452	1880.487436	942.4673947	1108.368265	1435.268829	1738.499976	1874.698578	905.3921455	1080.642642	1430.400563	1757.696725	1905.176039	895.3175663	1077.790041	1453.024043	1813.892274	1978.913784	971.7642538	1188.396514	1649.9121	2109.574994	2324.000025										
1077.273898	1176.827157	1409.704682	1670.629379	1802.551353	1076.637072	1189.412178	1444.558231	1718.717212	1853.458411	1058.968393	1188.11523	1467.813924	1754.555294	1891.540586	1029.04381	1174.922773	1477.159785	1773.748792	1911.930147	993.9998432	1153.933165	1474.23621	1778.039799	1916.742263	962.7382729	1131.035123	1463.121122	1771.936369	1910.927183	931.1273271	1106.297438	1455.894929	1783.040964	1930.452631	916.4522812	1099.236774	1475.112406	1836.597701	2001.901389	957.7512039	1166.204294	1610.294893	2052.602751	2258.931948										
1098.497988	1200.052781	1437.678693	1704.035678	1838.748621	1097.858162	1212.69646	1472.694835	1752.353641	1889.903758	1080.104024	1211.393558	1496.052086	1788.350271	1928.157975	1050.024727	1198.139348	1505.437224	1807.624222	1948.634979	1014.783192	1177.046966	1502.501457	1811.932796	1953.467262	983.32997	1154.030367	1491.339232	1805.804333	1947.627789	954.7033165	1130.77877	1482.183109	1811.019953	1959.193498	935.5226989	1118.967368	1496.200575	1858.991473	2024.8922	948.8136009	1150.806911	1581.135528	2009.73665	2209.671884										
1120.001207	1223.584904	1466.025848	1737.894261	1875.439982	1119.35859	1236.283109	1501.193138	1786.426617	1926.826579	1101.524769	1234.97468	1524.644256	1822.569958	1965.240287	1071.300444	1221.663046	1534.065566	1841.917985	1985.797976	1035.872518	1200.474739	1531.118578	1846.242696	1990.648828	1004.237446	1177.346993	1519.912905	1840.091234	1984.786893	978.8982738	1156.133577	1509.852698	1840.855667	1990.005265	958.1342212	1141.961599	1519.981806	1883.529573	2049.776408	963.2872185	1159.45804	1577.382366	1993.628993	2187.801063										
1141.776256	1247.41558	1494.736741	1772.19418	1912.613743	1141.131068	1260.163954	1530.043115	1820.924327	1964.21426	1123.223656	1258.850448	1553.579997	1857.201907	2002.774233	1092.86454	1245.485955	1563.034213	1876.617302	2023.405493	1057.262062	1224.208951	1560.077028	1880.956647	2028.273232	1025.455545	1200.97789	1548.831787	1874.784323	2022.390868	1003.251594	1181.104025	1536.054783	1868.210293	2017.879225	977.4121608	1162.636441	1543.529218	1909.83958	2077.349723	983.3101877	1175.711942	1585.606609	1993.855809	2184.297215										
1163.815747	1271.536771	1523.801855	1806.924343	1950.258052	1163.168221	1284.330735	1559.234634	1855.834829	2002.054043	1145.193625	1283.012624	1582.84878	1892.233559	2040.746394	1114.710496	1269.60007	1592.332476	1911.709284	2061.443762	1078.945956	1248.241971	1589.366164	1916.061689	2066.326624	1046.978999	1224.91584	1578.085429	1909.870743	2060.425961	1027.952667	1207.360894	1565.416649	1900.47775	2051.455938	1000.045972	1186.214933	1569.05034	1937.228957	2105.593435	1007.773074	1198.080729	1603.514107	2007.319928	2195.688571										
1186.112227	1295.940358	1553.211572	1842.073535	1988.36092	1185.462604	1308.775119	1588.757481	1891.146073	2040.333053	1167.427537	1307.452898	1612.439996	1927.652258	2079.143247	1136.831706	1293.997307	1621.949592	1947.18096	2099.898917	1100.918237	1272.566082	1618.975275	1951.544777	2104.795058	1068.802434	1249.153535	1607.663301	1945.337551	2098.878326	1049.680266	1231.528966	1594.957932	1935.919256	2089.883367	1026.005399	1212.386178	1595.657164	1964.254684	2132.810722	1032.275107	1222.007262	1626.214588	2028.799279	2216.598285	1178.684443	1402.970381	1897.111553	2407.708926	2651.295177					
1208.658172	1320.618152	1582.956182	1877.630423	2026.910226	1208.006705	1333.488703	1618.601358	1926.845912	2079.038299	1189.918183	1332.162887	1642.342965	1963.445263	2117.951165	1159.221482	1318.669506	1651.874728	1983.019274	2138.757	1123.17285	1297.173482	1648.893573	1987.392789	2143.664497	1090.920378	1273.683574	1637.5548	1981.171721	2137.734019	1071.709556	1255.996164	1624.81782	1971.731823	2128.717652	1052.538485	1239.312897	1623.393345	1992.769337	2161.681363	1059.140735	1247.516844	1648.835235	2048.542588	2234.999365	1159.164	1378.470633	1861.641525	2360.90328	2599.081745					
1231.445989	1345.561881	1613.025877	1913.583553	2065.893717	1230.792942	1358.463009	1648.755882	1962.922089	2118.156672	1212.658275	1357.134137	1672.546932	1999.599739	2157.156421	1181.87305	1343.60843	1682.096979	2019.211087	2178.003955	1145.703641	1322.056287	1679.110201	2023.592516	2182.92081	1113.327253	1298.498464	1667.749244	2017.360144	2176.979001	1094.035312	1280.755297	1654.98583	2007.902489	2167.944897	1080.656764	1267.345504	1651.249779	2020.456342	2189.29089	1081.856657	1270.554878	1672.559502	2072.950332	2259.72594	1142.520902	1353.547392	1818.475679	2298.887302	2528.073099					
1254.468015	1370.763202	1643.410755	1949.92135	2105.299001	1253.813662	1383.68949	1679.210588	1999.362246	2157.674948	1235.640449	1382.358119	1703.041064	2036.102761	2196.745183	1204.77955	1368.805764	1712.60537	2055.743177	2217.625633	1168.504363	1347.206528	1709.614229	2060.130672	2222.549773	1136.017378	1323.590622	1698.235875	2053.889625	2216.599137	1116.652199	1305.799077	1685.451402	2044.418201	2207.551104	1107.035794	1294.68941	1680.577842	2051.692599	2221.399746	1102.566356	1291.946112	1695.402684	2097.239634	2284.689832	1134.532812	1339.019775	1789.540338	2255.064422	2477.14795					
1277.716522	1396.213692	1674.100819	1986.632121	2145.113558	1277.061147	1409.159526	1709.954931	2036.153925	2197.579787	1258.857271	1407.826236	1733.814459	2072.941319	2236.70352	1227.93404	1394.253117	1743.388857	2092.602244	2257.607792	1191.568674	1372.616152	1740.394655	2096.993892	2262.537071	1158.984968	1348.952372	1729.003863	2090.746891	2256.580202	1139.554773	1331.120118	1716.203896	2081.265826	2247.52218	1132.655223	1321.544957	1709.975325	2083.534702	2254.359748	1127.110003	1316.88485	1721.18313	2123.858408	2311.699672	1149.380022	1347.972615	1785.506852	2237.612131	2453.294066					
1301.183776	1421.904927	1705.086059	2023.704151	2185.324839	1300.527673	1434.864499	1740.978367	2073.284665	2237.857846	1282.301291	1433.529887	1764.856229	2110.102414	2277.017511	1251.329552	1419.942095	1774.436413	2129.77501	2297.936211	1214.890195	1398.277092	1771.440498	2134.168835	2302.868412	1182.224192	1374.576015	1760.042387	2127.918689	2296.907989	1162.73754	1356.711007	1747.232676	2118.432247	2287.84405	1159.096067	1348.643509	1738.426379	2113.286476	2284.70633	1148.976062	1340.193007	1747.563543	2153.298746	2342.567414	1169.818792	1364.595788	1793.723597	2237.142491	2448.680489					
1324.862038	1447.828474	1736.356457	2061.125707	2225.92027	1324.205512	1460.795789	1772.270357	2110.742005	2278.495773	1305.965049	1459.460473	1796.155496	2147.573066	2317.673247	1274.959095	1445.864292	1805.73703	2167.24822	2338.596688	1238.462511	1424.181264	1802.740789	2171.642188	2343.529528	1205.729175	1400.453829	1791.340638	2165.391793	2337.56831	1186.194955	1382.564297	1778.527115	2155.904366	2328.502652	1185.981843	1377.187386	1770.379952	2148.519206	2321.438586	1174.216362	1366.408551	1775.856759	2183.661293	2373.895268	1194.749971	1387.407016	1811.864203	2250.45693	2459.692551					
1348.743505	1473.975827	1767.9019	2098.884937	2266.887145	1348.086867	1486.944706	1803.820282	2148.513386	2319.480107	1329.841012	1485.609323	1827.701315	2185.340205	2358.656721	1298.815596	1472.01123	1837.279632	2205.008542	2379.574931	1262.279113	1450.320503	1834.284493	2209.400559	2384.506058	1229.493933	1426.578	1822.887735	2203.152892	2378.546887	1209.921359	1408.672446	1810.076507	2193.669003	2369.48383	1209.707799	1403.289927	1801.929961	2186.28609	2362.421363	1202.479205	1394.890065	1804.804131	2213.072653	2403.523071	1220.631644	1412.706085	1835.87969	2273.14609	2481.74897	1391.564505	1616.397818	2125.841433	2670.496323	2936.214474
1372.820301	1500.338401	1799.712176	2136.969865	2308.212623	1372.163874	1513.302489	1835.617435	2186.586141	2360.797266	1353.921568	1511.967693	1859.482663	2223.390674	2399.95382	1322.891892	1498.374353	1869.053072	2243.042559	2420.856552	1286.333391	1476.686558	1866.060502	2247.430474	2425.783551	1253.512378	1452.94062	1854.67272	2241.188596	2419.829345	1233.910987	1435.027813	1841.870062	2231.712889	2410.773329	1233.697081	1429.642322	1833.728126	2224.33584	2403.71592	1232.021214	1424.838442	1835.61824	2244.749018	2435.601664	1248.624307	1439.325961	1859.475076	2293.616263	2500.728225	1367.716799	1587.558654	2085.692265	2618.255435	2878.074458
1397.084481	1526.907535	1831.776978	2175.368392	2349.88372	1396.428594	1539.860301	1867.65103	2224.947497	2402.433548	1378.199031	1538.526764	1891.488442	2261.71122	2441.550329	1347.180735	1524.945025	1901.046129	2281.336772	2462.427066	1310.618638	1503.27109	1898.057633	2285.718378	2467.34746	1277.778312	1479.533687	1886.684554	2279.485426	2461.401214	1258.157955	1461.622656	1873.896911	2270.022667	2452.356794	1257.943811	1456.236906	1865.763682	2262.655191	2445.307993	1262.507758	1455.236543	1865.82792	2274.771035	2465.536139	1272.965314	1463.993056	1884.860603	2319.744148	2527.21026	1347.644999	1559.186503	2038.512576	2550.968286	2800.977579
1421.528028	1553.674487	1864.085897	2214.068295	2391.887319	1420.873021	1566.609233	1899.910189	2263.584578	2444.375133	1402.665633	1565.277645	1923.707476	2300.2885	2483.431925	1371.674786	1551.71453	1933.247512	2319.877593	2504.271893	1335.128046	1530.065675	1930.264631	2324.250633	2509.183142	1302.285429	1506.349103	1918.912124	2318.029821	2503.247923	1282.656267	1488.449131	1906.146098	2308.584889	2494.219767	1282.441996	1483.065914	1898.02578	2301.230789	2487.183214	1291.856878	1485.581756	1898.29522	2309.351901	2501.102949	1295.407132	1487.124823	1909.512447	2345.966691	2554.182123	1339.975656	1544.961673	2009.433848	2506.009001	2748.270723
1446.142843	1580.630425	1896.628412	2253.057208	2434.21014	1445.489064	1593.540289	1932.38394	2302.48438	2486.608062	1427.313521	1592.211356	1956.128502	2339.10906	2525.584164	1396.366607	1578.674062	1965.645841	2358.651338	2546.376334	1359.854696	1557.061787	1962.670152	2363.013501	2551.275843	1327.027299	1533.378662	1951.344223	2356.808115	2545.354789	1307.3998	1515.499281	1938.606572	2347.386004	2536.347673	1307.185516	1510.121465	1930.503466	2340.049169	2529.327091	1319.114789	1514.115777	1929.54788	2343.312287	2536.326444	1321.936722	1514.054382	1937.323208	2374.688	2583.33782	1354.627921	1553.705184	2004.788875	2487.05017	2722.32866
1470.920507	1607.766166	1929.393577	2292.322251	2476.838347	1470.268312	1620.644125	1965.060888	2341.633398	2529.117825	1452.134516	1619.318569	1988.739841	2378.158951	2567.992059	1421.248431	1605.814462	1998.229326	2397.643827	2588.725157	1384.791333	1584.250545	1995.262441	2401.992752	2593.610271	1351.997155	1560.613799	1983.969228	2395.806151	2587.706591	1332.382088	1542.764785	1971.266864	2386.411964	2578.725396	1332.167908	1537.395313	1963.185372	2379.096371	2571.724594	1347.757027	1543.437002	1960.315626	2375.520747	2569.206972	1346.587343	1540.164902	1966.650143	2407.338464	2617.573811	1375.114462	1570.366816	2012.78375	2485.779268	2716.537307
1495.852278	1635.072171	1962.370013	2331.850025	2519.757536	1495.202031	1647.911045	1997.929218	2381.017618	2571.88936	1477.120109	1646.589604	2021.529397	2417.423727	2610.640081	1446.312155	1633.126216	2030.985764	2436.840389	2631.30259	1409.930359	1611.622709	2028.029328	2441.173666	2636.170599	1377.187881	1588.045582	2016.7751	2435.00928	2630.287568	1357.596317	1570.236954	2004.115085	2425.648226	2621.337281	1357.382363	1564.878842	1996.059704	2418.357936	2614.360148	1377.114574	1574.506296	1995.031641	2413.868844	2609.249375	1374.566979	1569.131823	1997.792223	2440.728143	2652.035732	1400.309456	1593.436685	2031.038358	2498.885797	2727.132269
1520.929326	1662.538807	1995.546221	2371.62698	2562.953135	1520.281398	1675.33126	2030.977007	2420.622893	2614.907455	1502.261701	1674.014689	2054.484981	2456.888822	2653.512565	1471.549571	1660.599712	2063.902858	2476.226245	2674.092737	1435.264059	1639.16893	2060.958549	2480.541416	2678.940877	1402.592233	1615.664964	2049.749702	2474.40274	2673.081836	1383.035536	1597.906976	2037.139241	2465.080135	2664.167544	1382.821932	1592.563314	2029.114561	2457.819289	2657.218048	1402.519067	1602.164543	2028.09037	2453.348111	2652.127285	1405.163024	1599.949239	2029.097356	2472.537236	2684.085245	1427.514574	1620.057776	2056.336118	2522.768762	2750.325004
1546.142744	1690.15635	2028.910595	2411.639429	2606.410418	1545.497514	1702.894903	2064.192242	2460.434963	2658.15677	1527.550603	1701.583971	2087.594318	2496.539572	2696.593738	1496.952371	1688.225252	2096.968233	2515.786522	2717.0796	1460.784605	1666.879766	2094.037762	2520.081085	2721.905053	1428.20284	1643.462795	2082.880812	2513.97168	2716.073406	1408.692664	1625.765928	2070.327248	2504.692937	2707.200292	1408.479537	1620.439875	2062.33795	2497.465757	2700.282479	1428.129859	1630.009205	2061.318228	2493.015093	2695.214689	1437.76931	1632.96691	2063.021381	2507.397799	2719.392593	1456.501861	1647.668926	2080.829116	2543.928091	2769.857952
1571.483546	1717.914996	2062.451419	2451.873546	2650.11451	1570.841401	1730.592024	2097.562813	2500.439449	2701.621832	1552.978043	1729.287516	2120.845052	2536.361214	2739.867707	1522.512151	1715.99305	2130.169437	2555.506259	2760.247072	1486.484058	1694.745677	2127.254544	2559.777666	2765.046974	1454.012213	1671.429817	2116.156122	2553.701156	2759.246184	1434.56049	1653.804774	2103.666933	2544.471784	2750.419524	1434.347971	1648.499558	2095.717782	2537.282565	2743.537509	1453.939461	1658.031193	2094.703139	2532.855063	2738.495711	1470.612071	1665.720136	2095.577346	2539.749933	2751.647488	1482.499404	1673.993354	2107.894225	2571.785074	2798.101262
1596.942671	1745.804849	2096.15687	2492.31537	2694.050377	1596.304003	1758.412595	2131.07652	2540.621857	2745.287035	1578.535163	1757.115307	2154.224745	2576.338881	2783.318468	1548.220409	1743.893235	2163.493939	2595.370401	2803.578944	1512.354364	1722.757029	2160.596392	2599.616065	2808.35038	1480.012733	1699.556666	2149.563242	2593.576132	2802.58397	1460.631673	1682.014366	2137.14603	2584.401729	2793.809127	1460.419895	1676.733278	2129.241876	2577.254839	2786.967097	1479.940256	1686.221304	2128.23293	2572.85319	2781.954361	1503.06697	1699.183424	2131.262293	2577.730526	2790.723244	1506.73989	1698.925472	2134.393494	2599.95981	2827.0934
1622.510711	1773.815641	2130.014666	2532.950387	2738.202389	1621.875922	1786.346214	2164.720715	2580.967155	2789.136191	1604.212757	1785.056956	2187.720518	2616.457183	2826.92944	1574.068285	1771.915556	2196.92877	2635.363373	2847.058437	1538.387109	1750.903803	2194.050366	2639.580666	2851.798448	1506.196414	1727.833592	2183.089338	2633.581049	2846.069994	1486.898496	1710.385161	2170.751832	2624.467304	2837.352417	1486.687596	1705.131559	2162.897603	2617.367178	2830.554627	1506.124257	1714.569947	2161.894985	2612.994119	2825.574072	1532.137192	1729.545511	2164.470584	2613.879806	2828.275558	1535.294002	1727.88053	2164.257042	2630.794641	2858.402087
1648.1721	1801.930363	2164.00443	2573.754445	2782.544484	1647.541598	1814.375698	2198.474541	2621.450517	2833.142516	1629.995514	1813.095301	2221.31121	2656.69082	2870.673332	1600.040913	1800.043033	2230.452651	2675.459632	2890.657995	1564.567983	1779.169317	2227.595223	2679.645872	2895.36356	1532.549481	1756.244251	2216.713309	2673.690387	2889.676712	1513.347518	1738.901083	2204.463399	2664.643103	2881.021964	1513.137636	1733.678407	2196.664131	2657.594272	2874.272757	1532.477693	1743.060979	2195.668482	2653.252593	2869.327569	1563.073315	1761.169003	2197.608471	2648.582521	2863.724791	1562.869998	1756.919988	2196.612519	2666.695331	2896.032363
1673.905042	1830.125195	2198.097592	2614.693633	2827.040047	1673.279246	1842.477021	2232.308855	2662.037224	2877.268528	1655.861949	1841.206333	2254.967309	2697.004503	2914.512044	1626.117338	1828.251877	2264.035924	2715.623592	2934.339199	1590.876691	1807.530141	2261.201351	2719.776032	2939.007224	1559.052266	1784.76562	2250.405716	2713.868588	2933.365723	1539.959464	1767.539424	2238.251492	2704.893713	2924.779505	1539.750745	1762.351209	2230.512344	2697.900816	2918.083331	1558.980896	1771.671618	2229.524326	2693.59338	2913.176775	1595.135806	1794.964372	2235.221673	2690.140701	2907.164967	1593.684197	1788.723881	2230.658933	2703.139261	2933.645958
1699.68729	1858.375823	2232.264979	2655.733301	2871.651646	1699.066631	1870.625673	2266.193937	2702.691864	2921.475978	1681.790108	1869.365564	2288.658751	2737.362279	2958.406746	1652.276109	1856.517804	2297.648392	2755.819022	2978.062921	1617.292412	1835.962329	2294.838593	2759.934854	2982.69024	1585.684549	1813.374139	2284.136566	2754.079446	2977.097912	1566.714489	1796.276925	2272.086299	2745.183061	2968.586052	1566.507081	1791.126799	2264.412553	2738.250844	2961.947466	1585.613649	1800.378531	2263.43284	2733.980578	2957.082881	1621.521423	1823.494716	2269.082158	2730.557577	2951.122239	1626.634798	1821.896392	2264.334264	2737.352167	2968.121127
1725.496413	1886.657725	2266.477154	2696.838465	2916.341477	1724.881328	1898.796948	2300.099847	2743.378741	2965.726299	1707.757831	1897.548307	2322.355274	2777.727954	3002.318335	1678.495536	1884.816319	2331.259665	2796.009474	3021.789778	1643.794049	1864.441702	2328.476602	2800.085833	3026.373164	1612.4258	1842.045988	2317.875658	2794.286538	3020.83391	1593.592418	1825.090048	2305.937794	2785.474845	3012.402357	1593.386475	1819.981727	2298.334843	2778.608151	3005.826005	1612.355421	1829.158112	2297.364124	2774.378041	3001.0068	1647.989886	1852.081143	2302.961441	2770.987115	2995.101507	1662.345041	1858.019025	2301.391318	2775.408227	3006.664568
1751.309788	1914.946169	2300.704414	2737.973804	2961.071363	1750.700726	1926.965947	2333.996418	2784.061879	3009.980606	1733.742749	1925.729679	2356.026417	2818.065096	3046.20743	1704.753686	1913.122717	2364.83917	2836.158279	3065.480137	1670.360221	1892.943847	2362.084836	2840.192248	3070.016302	1639.255174	1870.757088	2351.592592	2834.453216	3064.534097	1620.572743	1853.954978	2339.775733	2825.732532	3056.188909	1620.368421	1848.892256	2332.24907	2818.936292	3049.679523	1639.185368	1857.986481	2331.288048	2814.74938	3044.909172	1674.519749	1880.699423	2336.829317	2811.39297	3039.063487	1697.535384	1893.119614	2336.288538	2810.08802	3041.238286
1777.104605	1943.216211	2334.916795	2779.103663	3005.802746	1776.50202	1955.107574	2367.853258	2824.70502	3054.199695	1759.722281	1953.884599	2389.641521	2858.33703	3090.034375	1731.028383	1941.412078	2398.356142	2876.228548	3109.094113	1696.969267	1921.444112	2395.632566	2880.217167	3113.579715	1666.151509	1899.483098	2385.256759	2874.542612	3108.158596	1647.634619	1882.847616	2373.569652	2865.919354	3099.905931	1647.432078	1877.834365	2366.124864	2859.19858	3093.468323	1666.082332	1886.839481	2365.174253	2855.057958	3088.750356	1701.089284	1909.325073	2370.655358	2851.738546	3082.968611	1733.193323	1929.788403	2375.247786	2851.496037	3083.840971
1802.857708	1971.442529	2369.083859	2820.191803	3050.496429	1802.262063	1983.196364	2401.639541	2865.271376	3098.343775	1785.673484	1981.987618	2423.169518	2898.506587	3133.758969	1757.297054	1969.6591	2431.779421	2916.182924	3152.591292	1723.599092	1949.917442	2429.088659	2920.123186	3157.022943	1693.093178	1928.199248	2418.83714	2914.517385	3151.667007	1674.756717	1911.743419	2407.28866	2905.998064	3143.513111	1674.556121	1906.783578	2399.931419	2899.35784	3137.152163	1693.024685	1915.692512	2398.991943	2895.266646	3132.490163	1727.676337	1937.933193	2404.408708	2891.986748	3126.776754	1764.200463	1962.090561	2410.484288	2889.869697	3123.745141
1828.54218	1999.595684	2403.170209	2861.196061	3095.106792	1827.953945	2011.202732	2435.31946	2905.718202	3142.366598	1811.569664	2010.009165	2456.574344	2938.530622	3177.334528	1783.533399	1997.834368	2465.072843	2955.978056	3195.924773	1750.223898	1978.334681	2462.416982	2959.866913	3200.299032	1720.054873	1956.87668	2452.297723	2954.334204	3195.012438	1701.914042	1940.613767	2440.896883	2945.925428	3186.963653	1701.715557	1935.71135	2433.632949	2939.370917	3180.684322	1719.987121	1944.516899	2432.705346	2935.332335	3176.081927	1754.255046	1966.494791	2438.053525	2932.094508	3170.44132	1797.496771	1996.075915	2446.030934	2927.085547	3161.775338
1854.127308	2027.642079	2437.135439	2902.068281	3139.581715	1853.54696	2039.092928	2468.852184	2945.996741	3186.215396	1837.380339	2037.915506	2489.814902	2978.359965	3220.707837	1809.707337	2025.90431	2498.195207	2995.564563	3239.04111	1776.814124	2006.662526	2495.576367	2999.398919	3243.354484	1747.007541	1985.482401	2485.597461	2993.943708	3238.141453	1729.07786	1969.425911	2474.353417	2985.652185	3230.204219	1728.881657	1964.585008	2467.188644	2979.188627	3224.01154	1746.940586	1973.279832	2466.273662	2975.205893	3219.472446	1780.795786	1994.976731	2471.548943	2972.012733	3213.909177	1832.431348	2032.7476	2486.638682	2971.901407	3208.64419
1879.581966	2055.547666	2470.938578	2942.759606	3183.868304	1879.00999	2066.832768	2502.196368	2986.057606	3229.836705	1863.074586	2065.67247	2522.849616	3017.944868	3263.825036	1835.788308	2053.834895	2531.104851	3034.892515	3281.886245	1803.339676	2034.867183	2528.525178	3038.669236	3286.135196	1773.921547	2013.982895	2518.694827	3033.295983	3281.000005	1756.218833	1998.146556	2507.616857	3025.12851	3273.180848	1756.025086	1993.371324	2500.557179	3018.761216	3267.079923	1773.85545	2001.947961	2499.655578	3014.837607	3262.607876	1807.268404	2023.345373	2504.853587	3011.691746	3257.126543	1858.1956	2060.579504	2519.720598	3011.582068	3251.938856
1904.874771	2083.278108	2504.538294	2983.220723	3227.913152	1904.311658	2094.387801	2535.310364	3025.851031	3273.176625	1888.621199	2093.245618	2555.636645	3057.235259	3306.631894	1861.745418	2081.591807	2563.759856	3073.911688	3324.405781	1829.770069	2062.91454	2561.22152	3077.627606	3328.586731	1800.766819	2042.344288	2551.548015	3072.340819	3323.533705	1783.307154	2026.742019	2540.645502	3064.304265	3315.839221	1783.116038	2022.036675	2533.696921	3058.038604	3309.835208	1800.701638	2030.487558	2532.809468	3054.177435	3305.433995	1833.642363	2051.566733	2537.925784	3051.081532	3300.039248	1883.816443	2088.231949	2552.55747	3050.973594	3294.93327
1929.974083	2110.798781	2537.892892	3023.401853	3271.662333	1929.420328	2121.723309	2568.152215	3065.326861	3316.180819	1913.988682	2120.600242	2588.133872	3096.180735	3349.073802	1887.547434	2109.140437	2596.118049	3112.571558	3366.544973	1856.074428	2090.770158	2593.623239	3116.22348	3370.654317	1827.512841	2070.532344	2584.11494	3111.027705	3365.687814	1810.312541	2055.17823	2573.397353	3103.128995	3358.124659	1810.124238	2050.547044	2566.565926	3096.970382	3352.222763	1827.448638	2058.864512	2565.693396	3093.174995	3347.896206	1859.886742	2079.606481	2570.723555	3090.131736	3342.592737	1909.262427	2115.670268	2585.107205	3090.025632	3337.572916
1954.848	2138.074774	2570.960313	3063.252755	3315.061399	1954.304103	2148.804306	2600.679655	3104.434555	3358.794513	1939.145249	2147.701362	2620.298913	3134.730566	3391.095774	1913.162787	2136.445883	2628.136998	3150.821303	3408.248737	1882.221481	2118.399271	2625.687915	3154.406014	3412.282843	1854.128651	2098.512465	2616.35324	3149.305825	3407.407252	1837.204238	2083.420726	2605.83011	3141.551931	3399.982122	1837.018927	2078.86801	2599.121938	3135.505815	3394.187582	1854.065486	2087.044327	2598.265111	3131.779576	3389.939529	1885.970232	2107.429944	2603.204618	3128.791662	3384.732062	1934.501803	2142.859515	2617.327434	3128.687485	3379.802879
1979.4651	2165.071693	2603.699102	3102.723879	3358.056637	1978.931562	2175.596348	2632.851091	3143.124359	3400.963763	1964.059558	2174.51454	2652.090098	3172.834876	3432.643729	1938.560293	2163.473761	2659.775009	3188.610993	3449.462927	1908.18027	2145.767591	2657.373864	3192.12527	3453.418152	1880.583537	2126.25048	2648.221261	3187.125254	3448.637878	1863.9517	2111.435442	2637.902159	3179.523172	3441.357496	1863.769566	2106.96554	2631.32337	3173.595024	3435.675572	1880.521473	2114.992911	2630.483031	3169.941312	3431.509887	1911.861844	2135.002895	2635.32737	3167.011455	3426.403168	1959.503254	2169.765274	2649.176501	3166.909301	3421.569122
2003.810764	2191.773519	2636.089889	3141.791967	3400.622768	2003.288085	2202.083476	2664.647314	3181.373222	3442.663504	1988.716914	2201.023811	2683.488342	3210.470799	3473.692791	1963.725152	2190.208043	2691.013049	3225.917871	3490.162777	1933.935913	2172.859005	2688.662035	3229.358514	3494.035505	1906.86258	2153.730199	2679.699891	3224.463226	3489.354919	1890.540005	2139.206136	2669.594324	3217.019898	3482.225961	1890.361232	2134.823381	2663.151006	3211.21515	3476.661877	1906.801679	2142.694033	2662.327934	3207.637318	3472.582397	1937.546702	2162.309177	2667.072617	3204.768213	3467.581139	1984.252064	2196.371553	2680.6353	3204.668176	3462.846701
2027.887358	2218.182811	2668.135638	3180.460366	3442.76331	2027.376027	2228.268399	2696.07171	3219.185066	3483.89785	2013.119463	2227.231867	2714.497325	3247.642707	3514.247546	1988.659176	2216.651265	2721.854918	3262.746557	3530.353136	1959.489865	2199.675802	2719.556191	3266.110423	3534.139812	1932.966953	2180.953654	2710.79275	3261.324336	3529.563211	1916.970171	2166.734658	2700.910067	3254.046585	3522.592238	1916.794942	2162.443329	2694.608208	3248.370575	3517.151129	1932.907276	2170.149588	2693.803169	3244.871922	3513.161627	1963.026306	2189.350935	2698.443782	3242.066216	3508.270466	2008.750319	2222.680976	2711.707466	3241.968389	3503.640034
2051.698017	2244.302969	2699.840331	3218.733644	3484.483098	2051.19852	2254.154674	2727.12869	3256.565038	3524.672243	2037.270125	2253.142251	2745.121755	3284.356202	3554.313913	2013.364945	2242.806804	2752.305447	3299.102905	3570.040187	1984.844341	2226.22111	2750.061124	3302.386908	3573.73732	1958.898575	2207.923717	2741.504486	3297.714415	3569.268924	1943.243963	2194.023694	2731.853873	3290.608941	3562.462382	1943.072457	2189.828014	2725.699362	3285.066912	3557.149294	1958.840183	2197.362303	2724.913111	3281.650678	3553.25348	1988.302909	2216.131153	2729.445314	3278.910976	3548.476972	2033.000873	2248.697013	2742.39766	3278.815448	3543.954871
2075.245913	2270.137433	2731.207995	3256.616423	3525.787033	2074.758725	2279.745894	2757.822705	3293.518334	3564.992183	2061.171852	2278.758537	2775.366379	3320.616931	3593.897863	2037.845078	2268.678079	2782.369504	3334.99281	3609.230162	2010.001599	2252.498102	2780.181663	3338.19392	3612.834323	1984.659417	2234.643301	2771.839784	3333.639333	3608.478277	1969.363194	2221.075973	2762.430272	3326.712718	3601.842498	1969.195589	2216.980114	2756.428899	3321.309822	3596.662391	1984.60237	2224.334952	2755.662176	3317.979191	3592.863909	2013.378812	2242.65286	2760.0817	3315.308049	3588.206534	2057.006619	2274.423171	2772.710585	3315.214911	3583.797014
2098.534252	2295.689683	2762.242709	3294.113388	3566.680082	2098.059841	2305.045688	2788.158249	3330.050203	3604.863225	2084.827639	2304.08434	2805.235979	3356.430586	3633.00542	2062.102236	2294.268543	2812.05199	3370.422211	3647.92934	2034.963943	2278.50999	2809.922674	3373.537453	3651.437162	2010.251498	2261.115367	2801.80337	3369.105006	3647.197536	1995.329727	2247.894274	2792.643832	3362.363712	3640.738741	1995.166202	2243.902354	2786.801289	3357.105009	3635.696488	2010.195855	2251.070358	2786.054824	3353.863107	3631.998921	2038.256361	2268.919127	2790.357472	3351.26304	3627.465081	2080.770488	2299.862997	2802.650978	3351.172378	3623.172321
2121.566274	2320.963233	2792.948596	3331.229283	3607.167278	2121.105101	2330.05772	2818.139857	3366.165948	3644.290988	2108.240512	2329.12331	2834.735378	3391.802908	3671.642658	2086.139121	2319.581693	2841.357845	3405.397086	3686.144049	2059.733727	2304.260029	2839.289058	3408.423541	3689.552227	2035.676886	2287.34292	2831.400006	3404.117391	3685.433018	2021.145481	2274.481423	2822.499163	3397.567763	3679.157318	2020.98621	2270.597507	2816.821046	3392.458222	3674.257705	2035.622706	2277.571386	2816.095556	3389.308124	3670.664573	2062.937947	2294.933069	2820.277203	3386.7816	3666.258596	2104.295448	2325.020071	2832.223618	3386.693501	3662.086704
2144.346005	2345.962461	2823.330819	3367.970093	3647.254999	2143.898524	2354.786517	2847.773107	3401.872115	3683.282437	2131.414288	2353.879956	2863.87044	3426.740881	3709.817005	2109.959217	2344.621881	2870.29305	3439.924665	3723.881972	2084.314076	2329.752332	2868.286761	3442.859468	3727.187258	2060.938423	2313.32982	2860.635497	3438.683692	3723.192391	2046.813139	2300.8411	2852.001915	3432.331958	3717.105786	2046.658298	2297.0692	2846.493723	3427.37646	3712.353516	2060.885765	2303.841761	2845.789913	3424.321183	3708.868276	2087.42674	2320.698659	2849.846503	3421.870627	3704.594413	2127.585253	2349.898837	2861.434324	3421.785176	3700.547426
2166.894827	2370.710732	2853.417395	3404.369074	3686.979164	2166.461479	2379.255659	2877.086612	3437.202775	3721.874344	2154.370037	2378.377836	2892.670184	3461.279201	3747.565892	2133.583107	2369.412441	2898.886791	3474.039983	3761.180899	2108.725025	2355.009879	2896.944915	3476.880344	3764.380132	2086.055679	2339.098673	2889.53878	3472.838913	3760.513429	2072.352012	2326.995634	2881.180808	3466.691138	3754.621761	2072.20177	2323.339681	2875.847903	3461.894435	3750.021415	2086.0046	2329.903877	2875.166459	3458.936917	3746.647437	2111.742837	2346.238667	2879.094039	3456.564692	3742.509832	2150.660886	2374.522754	2890.312054	3456.481971	3738.591687
2189.251656	2395.250598	2883.259452	3440.48708	3726.405591	2188.832871	2403.507966	2906.132238	3472.219794	3760.133596	2177.146293	2402.659743	2921.186978	3495.480503	3784.957019	2157.048706	2393.995885	2927.191638	3507.80609	3798.108968	2133.003789	2380.074744	2925.316028	3510.549315	3801.199092	2111.065267	2364.691082	2918.162123	3506.646066	3797.464247	2097.798363	2352.986279	2910.087839	3500.708111	3791.773171	2097.652889	2349.450101	2904.935413	3496.0748	3787.32918	2111.015823	2355.799071	2904.277001	3493.217886	3784.069727	2135.923536	2371.594907	2908.071741	3490.926279	3780.072391	2173.560766	2398.934495	2918.909098	3490.846367	3776.286898
2211.456498	2419.625812	2912.909583	3476.386748	3765.602053	2211.052693	2427.587432	2934.963252	3506.986735	3798.12894	2199.78271	2426.769647	2949.474546	3529.409052	3822.059877	2180.395108	2418.415928	2955.2615	3541.287634	3834.736074	2157.188825	2404.99024	2953.45395	3543.931114	3837.714128	2136.005096	2390.149929	2946.559155	3540.169761	3834.114722	2123.189791	2378.855601	2938.776394	3534.447306	3828.629714	2123.049248	2375.442932	2933.809484	3529.98184	3824.346376	2135.957342	2381.569984	2933.17475	3527.228286	3821.204609	2160.007369	2396.810452	2936.832934	3525.019513	3817.351432	2196.324447	2423.17792	2947.279112	3524.942489	3813.702289
2233.549702	2443.880502	2942.420857	3512.131325	3804.637005	2233.161281	2451.538407	2963.633329	3541.567668	3835.929698	2222.319323	2450.751874	2977.586971	3563.129548	3858.944452	2203.661847	2442.716668	2983.150627	3574.549654	3871.132565	2181.319104	2429.800108	2981.41288	3577.090856	3873.995673	2160.913661	2415.518573	2974.783878	3573.475006	3870.535182	2148.564514	2404.646678	2967.300254	3567.973565	3865.261564	2148.429064	2401.361167	2962.523758	3563.68027	3861.143054	2160.867651	2407.259761	2961.913329	3561.032754	3858.122046	2184.033374	2421.928831	2965.431345	3558.908968	3854.416812	2218.991871	2447.297254	2975.476115	3558.834907	3850.907612
2255.571957	2468.059182	2971.846828	3547.784668	3843.579589	2255.199317	2475.405592	2992.196547	3576.027173	3873.605773	2244.796547	2474.651105	3005.578694	3596.707126	3895.68123	2226.888905	2466.942587	3010.913607	3607.657588	3907.369244	2205.43412	2454.548517	3009.247359	3610.094047	3910.114607	2185.830043	2440.840852	3002.89066	3606.627209	3906.796416	2173.961382	2430.403102	2995.713592	3601.35215	3901.739371	2173.831184	2427.248326	2991.132286	3597.235241	3897.789757	2185.785829	2432.912052	2990.546775	3594.696371	3894.892502	2208.041102	2446.994028	2993.921099	3592.659671	3891.338897	2241.603377	2471.337095	3003.554494	3592.588645	3887.973146
2277.564298	2492.206745	3001.241532	3583.411253	3882.499637	2277.207828	2499.234046	3020.7074	3610.430348	3911.227648	2267.255185	2498.512383	3033.504519	3630.207358	3932.341198	2250.11671	2491.138556	3038.605368	3640.677268	3943.517372	2229.573892	2479.280071	3037.012276	3643.006577	3946.142255	2210.793918	2466.161084	3030.934238	3639.692177	3942.96967	2199.41988	2456.168985	3024.070981	3634.648743	3938.134262	2199.29509	2453.148462	3019.689536	3630.712335	3934.357519	2210.751553	2458.571018	3019.129543	3628.284661	3931.586947	2232.07062	2472.050489	3022.356728	3626.337098	3928.188575	2264.199696	2495.34241	3031.569003	3626.26918	3924.969701
2299.567947	2516.368295	3030.659279	3619.075922	3921.467403	2299.228027	2523.06901	3049.220575	3644.842545	3948.866113	2289.73626	2522.380933	3061.419393	3663.695998	3968.995567	2273.385985	2515.349657	3066.280966	3673.674667	3979.64839	2253.778809	2504.039631	3064.762653	3675.894469	3982.150114	2235.845405	2491.523898	3058.96951	3672.735863	3979.126375	2224.979979	2481.988788	3052.427177	3667.929191	3974.517566	2224.860752	2479.105985	3048.250175	3664.177318	3970.917592	2235.80494	2484.281161	3047.716288	3661.863339	3968.276574	2256.162355	2497.142945	3050.792953	3660.006923	3965.036971	2286.821798	2519.358363	3059.574552	3659.942183	3961.968336
2321.620743	2540.585242	3060.149955	3654.838267	3960.547475	2321.297748	2546.951992	3077.78623	3679.323729	3986.586142	2312.277475	2546.298255	3089.373668	3697.233303	4005.709617	2296.734217	2539.617286	3093.990831	3706.710203	4015.82775	2278.086136	2528.868434	3092.548896	3708.818179	4018.203675	2261.021597	2516.970369	3087.046786	3705.818672	4015.331973	2250.678682	2507.90347	3080.832387	3701.253819	4010.954653	2250.565172	2505.161821	3076.864348	3697.690455	4007.535289	2260.983083	2510.083465	3076.357147	3695.492632	4005.026655	2280.353597	2522.312543	3079.279957	3693.729345	4001.949305	2309.507344	2543.426408	3087.621461	3693.667851	3999.034225
2343.757108	2564.895262	3089.758967	3690.75257	3999.798707	2343.451412	2570.920733	3106.449952	3713.928418	4024.446834	2334.913162	2570.302082	3117.413057	3730.873985	4042.542648	2320.195611	2563.979109	3121.78073	3739.838701	4052.114866	2302.529954	2553.804046	3120.416754	3741.832555	4054.36238	2286.356495	2542.537964	3115.211754	3738.995414	4051.645873	2276.549959	2533.950433	3109.332231	3734.677385	4047.504881	2276.44232	2531.353354	3105.577631	3731.306463	4044.269929	2286.319984	2536.015349	3105.097689	3729.227233	4041.89648	2304.678442	2547.596792	3107.863342	3727.559037	4038.984836	2332.290643	2567.584248	3115.755424	3727.500858	4036.226594
2366.011591	2589.336173	3119.531913	3726.873372	4039.280256	2365.723564	2595.01309	3135.257451	3748.711299	4062.507491	2357.677814	2594.430267	3145.583357	3764.672861	4079.554095	2343.804587	2588.472939	3149.696496	3773.115054	4088.56925	2327.14463	2578.88422	3148.41205	3774.992509	4090.685763	2311.884449	2568.264382	3143.510193	3772.320976	4088.127583	2302.628163	2560.167341	3137.972441	3768.254739	4084.227724	2302.526548	2557.718237	3134.435726	3765.080163	4081.180961	2311.849992	2562.114482	3133.983616	3763.121947	4078.945481	2329.171259	2573.033413	3136.588827	3761.550788	4076.202971	2355.206174	2591.86972	3144.022225	3761.495993	4073.604831
2388.419026	2613.946113	3149.514796	3763.255732	4079.051854	2388.149038	2619.267221	3164.25478	3783.727489	4100.827902	2380.606247	2618.720965	3173.930664	3798.685113	4116.803811	2367.595946	2613.13691	3177.784248	3806.594483	4125.250796	2351.964977	2604.14707	3176.580893	3808.353272	4127.233725	2337.640313	2594.187723	3171.98819	3805.850577	4124.836996	2328.948191	2586.592295	3166.79908	3802.041078	4121.183056	2328.852756	2584.294576	3163.484685	3799.066737	4118.328244	2337.607961	2588.418967	3163.060976	3797.231946	4116.233506	2353.866858	2598.660512	3165.502473	3795.759767	4113.663547	2378.288746	2616.320969	3172.467952	3795.708423	4111.228762
2411.014539	2638.763542	3179.754028	3799.955228	4119.173823	2410.762961	2643.72158	3193.488334	3819.032535	4139.468345	2403.7336	2643.212632	3202.501377	3832.966286	4154.352066	2391.604866	2638.009484	3206.090384	3840.332541	4162.219778	2377.026254	2629.631075	3204.969685	3841.970398	4164.066544	2363.659456	2620.3465	3200.692141	3839.639767	4161.834385	2355.545491	2613.263839	3195.858544	3836.09195	4158.431149	2355.456391	2611.120924	3192.770904	3833.321732	4155.772049	2363.62926	2614.967339	3192.376165	3831.612776	4153.820826	2378.800489	2624.516584	3194.650674	3830.241517	4151.426837	2401.573504	2640.976452	3201.139003	3830.193692	4149.158659
2433.833548	2663.827244	3210.296431	3837.027962	4159.707068	2433.600751	2668.414922	3223.004855	3854.682416	4178.489589	2427.095337	2667.944025	3231.342195	3867.572294	4192.25955	2415.866911	2663.129451	3234.66159	3874.385113	4199.536855	2402.364177	2655.375082	3233.625113	3875.899768	4201.244869	2389.977761	2646.779635	3229.668753	3873.744434	4199.180409	2382.456066	2640.220963	3225.197561	3870.463256	4196.032674	2382.373458	2638.236294	3222.341126	3867.90106	4193.57306	2389.949773	2641.79857	3221.975929	3866.320356	4191.768134	2404.007844	2650.640517	3224.080165	3865.051964	4189.553543	2425.09593	2665.874941	3230.082083	3865.007726	4187.455237
2456.910899	2689.175387	3241.188099	3874.529201	4200.711611	2456.697258	2693.38536	3252.850288	3890.732181	4217.951415	2450.726391	2692.953262	3260.498975	3902.558046	4230.585893	2440.417174	2688.534986	3263.543694	3908.807044	4237.26158	2428.014063	2681.417367	3262.593015	3910.196212	4238.82824	2416.630787	2673.525526	3258.963901	3908.21943	4236.934626	2409.715636	2667.502167	3254.862054	3905.209877	4234.047223	2409.639678	2665.679217	3252.241305	3902.859627	4231.790893	2416.605059	2668.951135	3251.906225	3901.409609	4230.135065	2429.524213	2677.070651	3253.83688	3900.246042	4228.103324	2448.890983	2691.054577	3259.343062	3900.20546	4226.178177
2480.261848	2714.824696	3272.449306	3912.483374	4242.214056	2480.067743	2718.649512	3283.044606	3927.205831	4257.879964	2474.642182	2718.256973	3289.991507	3937.947254	4269.356919	2465.27137	2714.242831	3292.756411	3943.621898	4275.41962	2453.992013	2707.774864	3291.893128	3944.883263	4276.842285	2443.635019	2700.601334	3288.597411	3943.088331	4275.12271	2437.340937	2695.124793	3284.871945	3940.355463	4272.500536	2437.271791	2693.467091	3282.491428	3938.221137	4270.451341	2443.611605	2696.442332	3282.18705	3936.904272	4268.947452	2455.365646	2703.824045	3283.940767	3935.847519	4267.102064	2472.974132	2716.532039	3288.941756	3935.810662	4265.353411
2503.881854	2740.770231	3304.074211	3950.883697	4284.207171	2503.707672	2744.20229	3313.581563	3964.096009	4298.267385	2498.838389	2743.850085	3319.813291	3973.732166	4308.564349	2490.425562	2740.248068	3322.293145	3978.821724	4314.002478	2480.294587	2734.442911	3321.518888	3979.952925	4315.278458	2470.987511	2728.002691	3318.562832	3978.343205	4313.736176	2465.329337	2723.084707	3315.220922	3975.892175	4311.384222	2465.267168	2721.595857	3313.085272	3973.977829	4309.546089	2470.966466	2724.267971	3312.81219	3972.796633	4308.197034	2481.528644	2730.896198	3314.385548	3971.848719	4306.541568	2497.341124	2742.30232	3318.871704	3971.815657	4304.972807
2527.765461	2767.00605	3336.055767	3989.721937	4326.682149	2527.611597	2770.037612	3344.453713	4001.393919	4339.104264	2523.309774	2769.726528	3349.956631	4009.903598	4348.198347	2515.874895	2766.544778	3352.146104	4014.397138	4353.000104	2506.917425	2761.415841	3351.462531	4015.395771	4354.126658	2498.684388	2755.724224	3348.852519	4013.974688	4352.764981	2493.677275	2751.376769	3345.901472	4011.810745	4350.688331	2493.622252	2750.060445	3344.015408	4010.120508	4349.06526	2498.665767	2752.422853	3343.77423	4009.077542	4347.873989	2508.008781	2758.281601	3345.163744	4008.24053	4346.41208	2521.986788	2768.359413	3349.125247	4008.211336	4345.026675
2551.907164	2793.526155	3368.386852	4028.989772	4369.630084	2551.77402	2796.149336	3375.653547	4039.090687	4380.381098	2548.051042	2795.880177	3380.413776	4046.452295	4388.249001	2541.614447	2793.126985	3382.307441	4050.338696	4392.402375	2533.85609	2788.687924	3381.716242	4051.202316	4393.376715	2526.721695	2783.760488	3379.458768	4049.973351	4392.199017	2522.381104	2779.995762	3376.906021	4048.101836	4390.402844	2522.333398	2778.855709	3375.274348	4046.639913	4388.998903	2526.705555	2780.901708	3375.065691	4045.737784	4387.968417	2534.801561	2785.97468	3376.267812	4045.013774	4386.703767	2546.905892	2794.697258	3379.69467	4044.98852	4385.505241
2576.301403	2820.324488	3401.060272	4068.678785	4413.041963	2576.189389	2822.53127	3407.173492	4077.177359	4422.088297	2573.056841	2822.304853	3411.17692	4083.36894	4428.706321	2567.639232	2819.988652	3412.769261	4086.636893	4432.1991	2561.10607	2816.253364	3412.27215	4087.363013	4433.018391	2555.095391	2812.105967	3410.373818	4086.329708	4432.028098	2551.437089	2808.936393	3408.226933	4084.756051	4430.517663	2551.396876	2807.976427	3406.85454	4083.526713	4429.336991	2555.08179	2809.699187	3406.67903	4082.768072	4428.470344	2561.902411	2813.969792	3407.690152	4082.159199	4427.406715	2572.093149	2821.309735	3410.5722	4082.137962	4426.398654
2600.942567	2847.394936	3434.06876	4108.780467	4456.908673	2600.852099	2849.177167	3439.005914	4115.644904	4464.216181	2598.321762	2848.994322	3442.238199	4120.644143	4469.560238	2593.944196	2847.123685	3443.523611	4123.28216	4472.380015	2588.662776	2844.1063	3443.122333	4123.868254	4473.041379	2583.801353	2840.755075	3441.589852	4123.034207	4472.241974	2580.841407	2838.193294	3439.856514	4121.763924	4471.02262	2580.808866	2837.417295	3438.748365	4120.771514	4470.069422	2583.79035	2838.809868	3438.606643	4120.159054	4469.369714	2589.306683	2842.261226	3439.423097	4119.667488	4468.510933	2597.543208	2848.190671	3441.750009	4119.650341	4467.696978
2625.824981	2874.73131	3467.404958	4149.286197	4501.220971	2625.75648	2876.08071	3471.143098	4154.484194	4506.75496	2623.840323	2875.94228	3473.589678	4158.268432	4510.80059	2620.524205	2874.525916	3474.562473	4160.26485	4512.934767	2616.521532	2872.240794	3474.258797	4160.708356	4513.435278	2612.83536	2869.702138	3473.098978	4160.077216	4512.830297	2610.590134	2867.761005	3471.78699	4159.115907	4511.90745	2610.565447	2867.172923	3470.94813	4158.364832	4511.185995	2612.827015	2868.228241	3470.840842	4157.901288	4510.656377	2617.009644	2870.843186	3471.458904	4157.52923	4510.006325	2623.250651	2875.33382	3473.220195	4157.516252	4509.390176
2650.942639	2902.327063	3501.061073	4190.186824	4545.969042	2650.896535	2903.235228	3503.576903	4193.685583	4549.694281	2649.606709	2903.142069	3505.223004	4196.231827	4552.416658	2647.373783	2902.188818	3505.877409	4197.574816	4553.852456	2644.677307	2900.650539	3505.673131	4197.873133	4554.189149	2642.192832	2898.941109	3504.892883	4197.448604	4553.782178	2640.678979	2897.633688	3504.010162	4196.801949	4553.161343	2640.662332	2897.237536	3503.445709	4196.29668	4552.675962	2642.187206	2897.948415	3503.373514	4195.984826	4552.319629	2645.006207	2899.709508	3503.789405	4195.734512	4551.882248	2649.209719	2902.732578	3504.974434	4195.725781	4551.467658
2676.289205	2930.175284	3535.028865	4231.47266	4591.142483	2676.265932	2930.633688	3536.298757	4233.238907	4593.023226	2675.614768	2930.586668	3537.129397	4234.523842	4594.397172	2674.487109	2930.105497	3537.459562	4235.20141	4595.121634	2673.124716	2929.328856	3537.356501	4235.351903	4595.291503	2671.868821	2928.465564	3536.96283	4235.137738	4595.086176	2671.103284	2927.805121	3536.517403	4234.811495	4594.772933	2671.094864	2927.604976	3536.232546	4234.556565	4594.528018	2671.865976	2927.964119	3536.196111	4234.399213	4594.34821	2673.290929	2928.85365	3536.405998	4234.272908	4594.127495	2675.414317	2930.37998	3537.003978	4234.268502	4593.918272
2701.858272	2958.268983	3569.3	4273.133897	4636.730754	2701.858272	2958.268983	3569.3	4273.133897	4636.730754	2701.858272	2958.268983	3569.3	4273.133897	4636.730754	2701.858272	2958.268983	3569.3	4273.133897	4636.730754	2701.858272	2958.268983	3569.3	4273.133897	4636.730754	2701.858272	2958.268983	3569.3	4273.133897	4636.730754	2701.858272	2958.268983	3569.3	4273.133897	4636.730754	2701.858272	2958.268983	3569.3	4273.133897	4636.730754	2701.858272	2958.268983	3569.3	4273.133897	4636.730754	2701.858272	2958.268983	3569.3	4273.133897	4636.730754	2701.858272	2958.268983	3569.3	4273.133897	4636.730754
