																																																						
																																																						
																																																						
																																																						
																																																						
																																																						
																																																						
																																																						
																																																						
																																																						
455.1972548	516.9282181	651.0479355	787.6253101	852.2248885																																																		
448.1493271	508.5098198	639.6519856	773.1972469	836.3626694																																																		
418.3425359	476.4240572	602.6148181	731.1179432	791.8984914																																																		
372.717817	428.9994425	551.2796614	675.8005863	734.6975981																																																		
357.9816651	412.6409638	531.396436	652.3280255	709.5273217																																																		
357.7045833	411.3137025	527.7875033	646.3956112	702.4959265																																																		
368.9905499	422.016188	537.2222892	654.5394678	710.0291878																																																		
379.8637555	432.7290413	547.5867531	664.5491583	719.8710744	491.2537664	571.6405086	741.355579	908.6920329	986.2674853																																													
391.6062757	444.0937247	558.13053	674.2569861	729.1835076	483.8041819	562.4062822	728.3535592	891.9750267	967.8282497																																													
402.7721249	455.3493247	569.5811266	685.9061525	740.9265953	457.0966246	532.7310232	692.4127932	849.856567	922.845875																																													
412.6940977	465.4611943	580.1055752	696.8507405	752.0699045	416.9463154	490.2368697	644.9702405	797.5349685	868.2624013																																													
423.129456	476.0066373	590.890194	707.8789177	763.2132822	406.6622477	477.8401902	628.113347	776.2803727	844.969076																																													
429.2133735	482.4923678	598.2489231	716.1266426	771.8814922	409.4410943	479.2514815	626.6374117	771.9576761	839.3266503																																													
436.9309082	490.4816361	606.828573	725.3074925	781.3467029	422.6622117	491.7127834	637.4945667	781.233167	847.868898																																													
447.5128939	501.1245503	617.6038634	736.2175846	792.3205549	435.318179	504.159938	649.5008695	792.8047965	859.2390176	527.9250204	630.827041	841.1864045	1041.886374	1133.174969																																								
454.3707227	508.095606	624.8209215	743.685153	799.9066118	449.137607	517.487343	661.7894994	804.0692102	870.0286152	520.0601314	620.6776551	826.3668935	1022.611183	1111.873108																																								
465.609233	519.3094733	635.9812481	754.790958	810.9866286	461.7029099	530.1695201	674.7184253	817.2414266	883.3136185	496.4291131	593.2477206	791.170954	980.0058422	1065.897593																																								
474.5979449	528.5757275	645.8505047	765.2742663	821.7603767	472.8796057	541.5935016	686.6644843	829.702246	896.0130755	461.7352895	555.5535724	747.3433369	930.326396	1013.556436																																								
493.1042035	547.4375504	665.4848437	785.6952774	842.5534749	485.0241566	553.8814062	699.2550417	842.5912145	909.0403843	455.8871502	547.0011063	733.2625005	910.971044	991.8019649																																								
506.4531166	560.9756503	679.4339803	800.0629827	857.1191585	492.8824865	562.2629814	708.7413093	853.1666918	920.120808	461.7114672	551.0748335	733.7575522	908.0517476	987.3296487																																								
521.8798036	576.8792831	696.3738488	818.0580753	875.6133604	502.6562254	572.3905747	719.6159714	864.7779523	932.0735479	476.8619249	565.2526613	745.9470633	918.3442426	996.7592839																																								
532.4252753	588.4791701	710.3588353	834.6133887	893.4356923	515.4182409	585.2319319	732.6248374	877.9519793	945.3241419	491.2990568	579.422495	759.5704675	931.4463086	1009.624219	568.0411826	697.1255158	952.6016988	1189.123546	1294.966142																																			
543.1844079	600.3129392	724.6254389	851.5046334	911.6217411	525.0556975	595.0168339	742.7210308	888.3551012	955.8695527	507.1916302	594.6852359	773.5456618	944.1930786	1021.812239	559.6845097	685.9030804	935.7075133	1166.97841	1270.471226																																			
554.1639313	612.3879595	739.1825332	868.7423903	930.1829601	538.712377	608.6414231	756.2778696	901.8451394	969.3286227	521.1572803	608.8004954	787.9667627	958.9059772	1036.657862	539.0028519	660.455913	900.8287273	1123.367757	1222.953098																																			
565.3706309	624.711658	754.0390613	886.3373276	949.1309018	550.109131	620.3995958	768.7990813	915.1186957	982.9509583	533.5905903	621.5503525	801.3637274	972.9203351	1050.953041	509.6650703	627.3544066	860.2782763	1075.921015	1172.420293																																			
576.8113449	637.2915175	769.2040322	904.3001984	968.477214	569.5338215	640.2873059	789.6643333	936.947789	1005.226878	547.44543	635.5886974	815.7772061	987.6917221	1065.887223	508.1623252	622.4592478	848.6690501	1058.095853	1151.813524																																			
588.4929113	650.1350176	784.6864506	922.6417565	988.2335513	584.701008	655.7008536	805.5980068	953.3942985	1021.911133	557.0821737	645.8952407	827.4529995	1000.673892	1079.4636	516.973507	629.0744211	850.9380115	1056.341057	1148.258113																																			
600.4221678	663.2496344	800.4953157	941.3727561	1008.411574	601.6336078	673.2545375	824.4629432	973.5521098	1042.668308	568.9148229	658.1808542	840.6645939	1014.768947	1093.960498	534.0207438	644.9015527	864.3503822	1067.517824	1158.434455																																			
612.6060047	676.6428995	816.6396931	960.5040357	1029.023037	613.8295298	686.7459694	840.8400958	993.0001648	1063.620993	583.8574749	673.2250705	855.9164349	1030.218879	1109.500532	550.230092	660.7755915	879.560796	1082.113848	1172.755543	616.9196902	774.7952756	1078.745738	1353.567158	1475.06313																														
625.051368	690.322403	833.1287178	980.0465223	1050.079797	626.2869984	700.5237739	857.562171	1012.859879	1085.019534	596.2756869	685.8320255	868.909231	1043.579799	1123.028894	568.1747253	677.9301383	895.1516498	1096.257023	1186.250886	607.8767032	762.2473401	1059.44989	1328.170081	1446.968758																														
637.7652596	704.2957938	849.9715952	1000.011232	1071.593811	639.0130131	714.5955808	874.6383284	1033.142206	1106.875823	612.3502903	701.8655503	884.8587804	1059.449229	1138.861881	583.5457314	693.4888201	911.0817684	1112.531021	1202.678769	589.8209195	738.3631371	1024.344504	1282.918894	1397.232206																														
650.7547375	718.5707798	867.1776006	1020.409269	1093.577135	652.0146293	728.9690752	892.0777889	1053.85818	1129.20184	626.1578502	716.1357577	900.0747635	1075.567559	1155.390645	597.2462527	707.5864306	925.9652748	1128.142115	1218.615456	565.5836954	709.5227188	986.641772	1237.203166	1347.974008																														
664.0269171	733.155129	884.7560812	1041.251831	1116.041932	665.298959	743.6519988	909.8898359	1075.01891	1152.009655	646.5045135	737.0751264	922.2257811	1098.874589	1179.223487	612.8175245	723.3878986	942.2223334	1144.820963	1235.483054	568.1960648	707.9860231	977.1170758	1220.455998	1328.033853																														
677.5889856	748.0566861	902.7164755	1062.550229	1139.000489	678.8731859	758.6521656	928.0838355	1096.63561	1175.311453	663.4918573	754.377834	940.173177	1117.43707	1198.065741	624.2551054	735.6657023	956.1630571	1160.301231	1251.652262	579.8450446	716.9491919	980.9093785	1219.572984	1325.083925																														
691.4482029	763.2833725	921.0683142	1084.315887	1162.465224	692.7445656	773.9774635	946.6692368	1118.719597	1199.119536	681.9351196	773.6161379	961.0367594	1139.8513	1221.185285	638.1618289	750.1406421	971.7625775	1176.941897	1268.758836	598.7062387	734.3181459	995.4053928	1231.471386	1335.833947																														
705.6118872	778.8431713	939.8212008	1106.560324	1186.448662	706.9204118	789.6358373	965.6555529	1141.282267	1223.446297	696.0087369	789.2712077	980.1507388	1162.60366	1245.712774	655.2885175	767.394737	989.2688274	1194.681594	1286.603	616.6650421	751.8668517	1012.164557	1247.516674	1351.563637	682.448198	869.2604955	1222.894209	1538.287281	1676.774956																									
720.0874147	794.7441263	958.9848116	1129.295153	1210.963429	721.4080957	805.6352891	985.0523596	1164.335096	1248.30422	710.3942231	805.2673586	999.6750182	1185.845933	1270.771215	670.4938037	782.8367896	1005.179474	1211.02607	1303.141612	636.6081038	770.8436043	1029.28092	1262.950937	1366.254261	672.3492553	855.014189	1200.796986	1509.188111	1644.601263																									
734.8822201	810.9943426	978.5688956	1152.532075	1236.02226	736.2150462	821.983878	1004.869296	1187.889641	1273.705881	725.0990536	821.6126513	1019.619175	1209.589585	1296.373089	688.9849556	801.2764111	1023.51711	1229.269286	1321.342575	653.3972053	787.8622411	1046.74147	1280.811051	1384.291017	656.3046642	832.0728989	1164.800317	1461.547824	1591.848315																									
750.0037965	827.601987	998.5832755	1176.28289	1261.637993	751.3487506	838.6897206	1025.116065	1211.957537	1299.663946	740.1307665	838.3152041	1039.992845	1233.846152	1322.53096	705.2188098	818.0906284	1041.479948	1248.295526	1340.844684	668.3918927	803.3425854	1063.156827	1298.071813	1401.925525	636.6825318	807.0038617	1129.420347	1416.971906	1543.234498																									
765.4596961	844.5752879	1019.037847	1200.559487	1287.823573	766.8167544	855.7609912	1045.802433	1236.550501	1326.191177	755.4969622	855.3831931	1060.805723	1258.627245	1349.257477	726.5072882	840.1226196	1064.983457	1273.161377	1366.320177	685.6952226	820.9274548	1081.283731	1316.688806	1420.759182	642.9724437	808.3842343	1121.507013	1400.769853	1523.392906																									
781.257526	861.9225314	1039.942575	1225.373846	1314.592047	782.6266576	873.2059174	1066.938225	1261.680324	1353.300416	771.2053001	872.8248478	1082.067555	1283.944539	1376.565363	745.325347	859.3362832	1084.980078	1293.882867	1387.366043	698.9906755	835.2505357	1097.585256	1334.779171	1439.640377	657.1759685	819.4096709	1126.516362	1400.413672	1520.680746																									
797.4049491	879.6520614	1061.307493	1250.738035	1341.956562	798.7861152	891.0327805	1088.533324	1287.358871	1381.004596	787.263499	890.6484517	1103.78814	1309.809777	1404.46742	765.3058878	880.3141554	1107.93181	1318.662014	1412.962952	715.0100443	851.964857	1115.637537	1354.041188	1459.437207	677.6937441	838.1616967	1141.925842	1412.842057	1531.800145																									
813.9096875	897.7722845	1083.142708	1276.664214	1369.930371	815.3028416	909.2499199	1110.597678	1313.598089	1409.316741	803.6793411	908.8623465	1125.977338	1336.234773	1432.976535	781.5239171	898.4400645	1130.154487	1345.159003	1441.542236	734.329418	871.440054	1135.412733	1374.087633	1479.603568	697.3587527	857.3414417	1160.186988	1430.283938	1548.88229	774.1277729	986.5981055	1388.303356	1746.201965	1903.272101																				
830.7795238	916.2916705	1105.458404	1303.164644	1398.526839	832.1846105	927.8657341	1133.141301	1340.410006	1438.249968	820.4606728	927.4749331	1148.645067	1363.231417	1462.105679	798.1081902	916.9651088	1152.855486	1372.227203	1470.741149	752.3378501	889.7380615	1154.268246	1393.447224	1499.186007	719.198333	878.0376	1178.718661	1446.885184	1564.635895	762.3923024	970.1456449	1362.932758	1712.885767	1866.468836																				
848.0223012	935.2187525	1128.264839	1330.251678	1427.759438	849.4392558	946.8886807	1156.174269	1367.806735	1467.81749	837.615405	946.4946715	1171.801304	1390.811671	1491.86791	815.0667652	935.8978171	1176.044759	1399.87852	1500.572692	773.2420528	910.5792402	1174.988088	1414.057357	1519.747639	737.4297374	896.5406108	1197.73582	1466.360893	1584.312951	747.3934641	947.3028694	1325.259908	1662.000088	1809.784473																				
865.6459233	954.5621272	1151.572348	1357.937768	1457.641751	867.0746715	966.3272764	1179.706727	1395.800468	1498.032615	855.1515131	965.9300812	1195.456086	1418.987572	1522.27637	832.407774	955.2467815	1199.732314	1428.124929	1531.049949	791.9415967	929.9885927	1195.764002	1436.068868	1542.305396	753.7698096	913.4553549	1215.738412	1485.333697	1603.711771	731.6239342	925.3383208	1291.582799	1617.887694	1761.092369																				
883.6579873	974.3300499	1175.390852	1386.234886	1488.186852	885.0984438	986.1896869	1203.748383	1424.402889	1528.908108	873.0766744	985.789331	1219.619002	1447.770628	1553.343641	850.1390682	975.020252	1223.927707	1456.977869	1562.185435	814.2223604	953.1787041	1220.704838	1462.592647	1569.52898	772.8348894	932.8535772	1235.767269	1505.924995	1624.550034	740.9041229	929.0346616	1284.722085	1601.621189	1740.697968																				
902.057661	994.5214795	1199.719056	1415.141781	1519.393625	903.5097156	1006.474665	1228.297449	1453.612085	1560.442146	891.3902413	1006.071181	1244.287991	1477.158521	1585.067476	868.260401	995.2171755	1248.628804	1486.434863	1593.976749	834.8979882	974.3381731	1242.795824	1485.525879	1592.83456	788.096591	949.3312587	1254.546788	1526.757439	1646.283907	757.2173054	941.7332563	1290.58679	1601.397251	1737.801921																				
920.8355876	1015.125977	1224.544331	1444.643829	1551.246593	922.2990913	1027.171456	1253.34054	1483.41241	1592.61816	910.0831402	1026.764885	1269.449243	1507.134983	1617.430653	886.7633151	1015.827095	1273.821679	1516.479397	1626.406435	856.4835071	997.1434704	1267.949503	1512.802883	1621.050267	806.3018967	968.3588934	1275.131083	1548.730062	1668.86614	779.1444827	961.652164	1306.708779	1614.136383	1749.056426																				
939.9819428	1036.132594	1249.853431	1474.725669	1583.729482	941.4567082	1048.268792	1278.863653	1513.787485	1625.418786	929.1458304	1047.85919	1295.088337	1537.683014	1650.415159	905.6388861	1036.839042	1299.491797	1547.094227	1659.456244	875.10425	1018.01121	1293.577911	1543.391521	1654.061184	827.8303891	990.0717695	1297.192995	1571.103268	1691.376033	800.4477664	982.4035348	1326.416681	1632.914607	1767.426645	901.1096921	1132.846804	1578.021161	1979.77562	2157.215127															
959.4868021	1057.530273	1275.632984	1505.371784	1616.825837	960.9726039	1069.755308	1304.852675	1544.720792	1658.826503	948.5686661	1069.342737	1321.190744	1568.785484	1684.002832	924.878075	1058.241944	1325.624517	1578.261985	1693.107782	894.0929295	1039.272773	1319.669875	1574.533681	1687.674689	848.6725066	1011.256538	1319.026399	1593.515165	1714.041945	824.0238025	1004.679104	1346.233532	1650.540869	1784.091527	886.9539571	1113.546343	1548.837518	1941.672747	2115.172972															
979.3401398	1079.307852	1301.86949	1536.566493	1650.519028	980.8367155	1091.619534	1331.293377	1576.195666	1692.823624	968.3418957	1091.20407	1347.74183	1600.425132	1718.175358	944.4717275	1080.024618	1352.205096	1609.965173	1727.342511	913.4411727	1060.917454	1346.210799	1606.211961	1721.872379	871.9831133	1034.492569	1342.121259	1616.484121	1736.955616	843.7355309	1024.699743	1366.83821	1671.665896	1805.444918	871.6975868	1089.734748	1508.591065	1886.594403	2053.543953															
999.5318289	1101.45406	1328.54932	1568.293957	1684.792239	1001.038879	1113.849901	1358.171416	1608.195302	1727.392303	988.4556612	1113.431627	1374.726855	1632.584565	1752.914276	964.4105731	1102.175777	1379.218685	1642.18617	1762.141748	933.1404792	1082.934432	1373.18598	1638.408829	1756.635702	893.2232054	1056.57257	1365.791197	1641.572066	1762.666201	861.5014337	1043.119247	1386.49344	1692.422093	1826.684295	858.7513454	1070.031725	1475.908048	1842.197391	2003.97332															
1020.05164	1123.957518	1355.658716	1600.538173	1719.628477	1021.56883	1136.434736	1385.472333	1640.702751	1762.51453	1008.899998	1136.013746	1402.130971	1665.24626	1788.200974	984.685224	1124.684024	1406.650332	1674.907225	1797.486662	953.1822193	1105.31277	1400.580606	1671.106623	1791.945958	916.5921567	1081.017541	1392.273063	1669.870565	1791.762375	882.3748988	1064.37161	1408.462165	1715.029058	1849.571363	870.094044	1075.284233	1469.461107	1825.192102	1982.304814															
1040.88924	1146.806738	1383.18379	1633.282974	1755.01056	1042.4162	1159.362261	1413.181554	1673.700918	1798.172132	1029.664832	1158.938661	1429.939223	1698.392559	1824.016685	1005.286174	1147.537856	1434.484978	1708.110462	1833.358275	973.5576332	1128.041411	1428.379756	1704.287552	1827.784295	939.1763807	1104.174289	1416.513592	1695.077679	1817.393913	899.7730689	1083.152771	1429.858065	1738.754556	1874.319246	887.9163137	1089.164144	1475.767624	1824.663891	1978.757967															
1062.034194	1169.990121	1411.110522	1666.512029	1790.921126	1063.570519	1182.620598	1441.284387	1707.172562	1834.346769	1050.739982	1182.1945	1458.136546	1732.005671	1860.342493	1026.2038	1170.725656	1462.707459	1741.777872	1869.737462	994.2578298	1151.109184	1456.568403	1737.933694	1864.131711	962.495519	1128.936776	1444.008324	1725.009201	1848.395418	920.2794259	1104.594401	1453.067962	1763.539887	1899.795984	910.9192149	1109.976666	1492.372358	1837.471242	1989.888159															
1083.475961	1193.49596	1439.424762	1700.208841	1827.342624	1085.021212	1206.197761	1469.766023	1741.100296	1871.019937	1072.115157	1205.769288	1486.707769	1766.067671	1897.159327	1047.428355	1194.235702	1491.302504	1775.891321	1906.604947	1015.273786	1174.504794	1485.131406	1772.026997	1900.969055	983.2896441	1152.197335	1472.50463	1759.033886	1885.146869	944.042848	1128.567532	1477.437575	1788.262746	1924.673872	933.7690723	1132.224564	1513.46387	1857.519157	2009.475157	1065.179069	1308.80749	1790.184316	2235.187174	2434.168459										
1105.203896	1217.312436	1468.112227	1734.356749	1864.257318	1106.757602	1230.081661	1498.611538	1775.466586	1908.172964	1093.779957	1229.650945	1515.63761	1800.560499	1934.447961	1068.949975	1218.056157	1520.254736	1810.432543	1943.941309	1036.596344	1198.216831	1514.053518	1806.549276	1938.27702	1004.399669	1175.781056	1501.363965	1793.491582	1922.373831	967.7666172	1152.681014	1502.287865	1813.769494	1950.468717	958.8654892	1155.902587	1534.417115	1876.013383	2026.88333	1047.779702	1285.999402	1756.689325	2191.812808	2386.376569										
1127.207249	1241.427618	1497.158501	1768.938922	1901.647283	1128.768906	1254.260105	1527.805888	1810.253753	1945.787011	1115.72387	1253.827287	1544.910679	1835.465961	1972.189017	1090.758674	1242.175077	1549.54867	1845.383143	1981.726972	1058.216215	1222.233764	1543.319381	1841.482214	1976.036149	1025.817009	1199.676882	1530.57123	1828.364238	1960.057173	993.4731884	1178.302767	1527.749257	1839.088013	1975.724534	980.1088676	1177.482888	1556.644655	1898.825034	2049.95296	1030.896612	1260.122087	1713.040637	2131.735593	2318.953403										
1149.475165	1265.829465	1526.549035	1803.938364	1939.494407	1151.044237	1278.720792	1557.33391	1845.443965	1983.843072	1137.936274	1278.286021	1574.511475	1870.765726	2010.362961	1112.844343	1266.580405	1579.168716	1880.724596	2019.942215	1080.12397	1246.543938	1572.913525	1876.807364	2014.226833	1047.532929	1223.873622	1560.111209	1863.633666	1998.177601	1017.371404	1203.156249	1554.408806	1867.356674	2004.699382	999.4091983	1197.496088	1578.0273	1921.443557	2073.117322	1019.692297	1241.814273	1680.697271	2086.417234	2267.833327										
1171.99668	1290.505822	1556.269145	1839.337906	1977.780386	1173.572601	1303.451316	1587.180323	1881.019246	2022.321971	1160.406435	1303.01475	1604.424388	1906.44133	2048.950102	1135.196751	1291.259971	1609.099174	1916.438245	2058.567161	1102.310048	1271.13558	1602.820371	1912.506142	2052.829305	1069.538548	1248.359955	1589.968565	1899.281535	2036.715662	1041.97917	1228.987823	1582.554163	1897.563491	2035.810907	1022.154003	1220.65415	1601.979242	1946.111947	2098.102139	1032.122825	1247.8421	1674.074226	2068.099247	2244.285992										
1194.760727	1315.444421	1586.304013	1875.120212	2016.486725	1196.342899	1328.439163	1617.329727	1916.961466	2061.204362	1183.123506	1328.000968	1634.633696	1942.474167	2087.930593	1157.805542	1316.201493	1639.324235	1952.505301	2097.581786	1124.764747	1295.996793	1633.024226	1948.559834	2091.823647	1091.824832	1273.124428	1620.127847	1935.289376	2075.651739	1066.552136	1254.211947	1609.009392	1925.115572	2063.844361	1041.918428	1241.926975	1626.149751	1972.897516	2126.04268	1050.823242	1262.397862	1680.440709	2066.895253	2239.696889										
1217.756127	1340.63288	1616.638685	1911.267775	2055.594737	1219.343926	1353.671714	1647.766599	1953.252347	2100.470728	1206.076529	1353.232065	1665.123567	1978.845499	2127.284431	1180.660237	1341.392575	1669.827985	1988.906844	2136.965909	1147.478227	1321.115557	1663.509288	1984.949589	2131.189784	1114.382597	1298.155451	1650.573483	1971.638578	2114.966049	1091.806942	1281.108341	1639.009441	1957.880817	2097.823162	1064.881234	1265.909865	1652.092253	2000.608502	2154.534737	1074.551317	1283.823161	1697.316034	2079.564411	2250.485275										
1240.971595	1366.058704	1647.25807	1947.762915	2095.085541	1242.564366	1379.13624	1678.4753	1989.873461	2140.101381	1229.254428	1378.695318	1695.878058	2015.536447	2166.991452	1203.750229	1366.820708	1700.594396	2025.623822	2176.6992	1170.44051	1346.479728	1694.25964	2021.656424	2170.907485	1137.202505	1323.441303	1681.289781	2008.310388	2154.638648	1114.520908	1306.331931	1669.693954	1994.514947	2137.445985	1090.914429	1292.171784	1678.79356	2027.70634	2181.807708	1098.851409	1307.490404	1719.732853	2100.825291	2271.229281	1259.436679	1508.941656	2018.019995	2502.845625	2723.151897					
1264.395738	1391.709281	1678.146939	1984.587778	2134.940062	1265.992798	1404.819905	1709.440064	2026.806224	2180.076459	1252.646016	1404.377899	1726.881111	2052.527993	2207.031336	1227.064786	1392.473268	1731.607335	2062.637047	2216.761172	1193.641473	1372.077038	1725.259252	2058.661218	2210.956362	1160.275064	1348.970126	1712.260932	2045.285911	2194.649425	1137.496984	1331.805766	1700.638311	2031.45873	2177.414374	1117.584602	1319.267009	1706.705324	2056.355002	2210.781829	1125.241206	1332.389024	1741.68511	2120.053818	2289.239905	1238.12348	1482.089272	1979.865716	2453.927877	2669.343195					
1288.017052	1417.571885	1709.289928	2021.724337	2175.139029	1289.617691	1430.709761	1740.645008	2064.031902	2220.375929	1276.239989	1430.266869	1758.116557	2089.800981	2247.383601	1250.593048	1418.337514	1762.850556	2099.927199	2257.131184	1217.070854	1397.895094	1756.491983	2095.944716	2251.315869	1183.590626	1374.729926	1743.471004	2082.546108	2234.978103	1160.72595	1357.518154	1731.826772	2068.693355	2217.708338	1145.673045	1347.262943	1734.523544	2084.012841	2238.368835	1148.070156	1355.572185	1765.568145	2144.583843	2314.059228	1218.499188	1453.253805	1932.236196	2388.399662	2595.681757					
1311.823922	1443.633672	1740.67153	2059.154389	2215.662971	1313.427405	1456.792754	1772.074125	2101.531608	2260.97958	1300.024928	1456.34918	1789.568115	2127.336115	2288.027606	1274.324027	1444.400592	1794.307702	2137.474824	2297.788442	1240.718245	1423.921375	1787.941574	2133.487524	2291.965304	1207.139384	1400.70857	1774.903944	2120.071798	2275.604237	1184.198424	1383.457257	1763.24347	2106.199858	2258.307712	1172.388103	1375.019891	1764.281996	2115.577581	2270.731343	1169.019003	1377.270482	1788.747253	2169.131869	2339.21936	1208.156597	1435.636372	1899.775516	2341.802871	2542.661475					
1335.804624	1469.881682	1772.276103	2096.859558	2256.492221	1337.41019	1483.055718	1803.711282	2139.286298	2301.867028	1323.989296	1482.611672	1821.219388	2165.113958	2328.942548	1298.246606	1470.649528	1825.962308	2175.260332	2338.711992	1264.573096	1450.143233	1819.591656	2171.270113	2332.883802	1230.911373	1426.893788	1806.543579	2157.843654	2316.507217	1207.904853	1409.61109	1794.872409	2143.959127	2299.192152	1198.438023	1402.404593	1794.230858	2147.840509	2304.016304	1193.701285	1402.387227	1814.722438	2195.900627	2366.342962	1220.881589	1441.804224	1892.564483	2321.850331	2516.919153					
1359.947321	1496.302837	1804.08786	2134.821286	2297.606912	1361.554184	1509.485377	1835.540227	2177.276776	2343.017711	1348.121439	1509.041076	1853.053867	2203.114932	2370.107462	1322.349536	1497.071234	1857.797793	2213.263996	2379.880726	1288.624708	1476.547895	1851.425741	2209.272816	2374.05034	1254.896467	1453.273171	1838.373614	2195.842205	2357.666261	1231.835514	1435.967522	1826.697467	2181.951894	2340.341137	1225.10792	1429.784696	1822.975286	2177.816194	2334.535789	1216.073372	1426.345115	1841.813656	2225.888413	2397.625937	1239.946586	1456.624593	1898.724309	2319.762206	2511.083135					
1384.240066	1522.883942	1836.090876	2173.020839	2338.986975	1385.847416	1536.068342	1867.54458	2215.483687	2384.410891	1372.409584	1535.624011	1885.054927	2241.319317	2411.501219	1346.62144	1523.652502	1889.797469	2251.465956	2421.273379	1312.862238	1503.122457	1883.427227	2247.475825	2415.443736	1279.084378	1479.834169	1870.377629	2234.047831	2399.06042	1255.980513	1462.514272	1858.70239	2220.158738	2381.733967	1252.571147	1459.03837	1855.668467	2213.61341	2371.703937	1241.655881	1453.000053	1870.587566	2256.621181	2429.234601	1264.114495	1478.43418	1915.722088	2332.177413	2521.416007					
1408.670796	1549.61168	1868.269084	2211.439304	2380.612139	1410.277801	1562.791113	1899.707838	2253.887522	2426.02565	1396.841842	1562.346982	1917.205827	2279.70725	2453.10253	1371.050805	1550.380005	1921.944531	2289.846212	2462.868525	1337.274691	1529.853885	1915.579398	2285.859196	2457.042643	1303.464655	1506.564091	1902.539082	2272.440771	2440.668573	1280.329783	1489.238909	1890.870797	2258.560085	2423.349763	1276.915212	1485.761514	1887.838469	2252.018192	2413.323149	1269.995455	1481.580088	1899.64272	2286.115553	2458.925367	1289.786406	1503.457977	1939.423504	2354.619446	2543.285771	1474.676971	1726.009445	2254.541798	2773.507154	3013.504196
1433.227337	1576.472618	1900.606273	2250.057588	2422.461931	1434.833143	1589.640079	1932.013373	2292.468614	2467.840892	1421.406201	1589.196383	1949.489714	2318.258725	2494.889937	1395.625989	1577.240299	1954.222064	2328.384629	2504.644582	1361.850926	1556.729017	1947.865417	2324.402844	2498.825554	1328.02668	1533.450103	1934.841308	2311.001111	2482.469428	1304.873079	1516.128852	1923.186174	2297.136206	2465.167464	1301.455115	1512.651814	1920.157054	2290.601223	2455.149595	1299.680056	1511.711553	1930.657126	2317.946184	2491.120969	1317.284809	1529.429235	1962.278846	2374.507315	2561.825213	1448.98411	1694.736827	2211.535392	2718.979354	2953.648294
1457.8974	1603.453199	1933.08609	2288.856415	2464.51567	1459.501132	1616.601513	1964.444429	2331.207136	2509.835341	1446.090529	1616.158496	1981.889615	2356.953595	2536.84182	1420.335213	1604.219819	1986.613038	2367.060932	2546.579805	1386.579649	1583.73456	1980.268334	2363.086543	2540.770798	1352.75967	1560.47923	1967.267517	2349.708794	2524.441521	1329.599983	1543.171368	1955.631877	2335.867217	2507.165829	1326.18049	1539.696585	1952.607615	2329.342703	2497.162165	1330.135566	1542.069806	1960.823213	2347.934626	2521.029978	1341.743221	1554.250402	1987.840162	2400.77352	2588.41172	1425.84398	1662.318056	2159.604368	2647.889271	2873.698049
1482.668582	1630.539748	1965.692036	2327.816327	2506.752474	1484.269343	1643.661578	1996.984126	2370.083104	2551.98754	1470.882574	1643.219485	2014.388442	2395.771565	2578.936392	1445.166566	1631.304878	2019.100311	2405.85471	2588.652293	1411.449415	1610.857088	2012.771079	2401.889929	2582.856543	1377.652674	1587.638352	1999.800794	2388.543612	2566.563216	1354.499894	1570.35357	1988.191133	2374.733075	2549.323434	1351.080791	1566.882989	1985.173414	2368.222667	2539.339557	1359.834212	1572.863805	1993.781483	2382.893628	2556.8836	1364.433449	1577.708158	2012.863944	2427.288722	2615.604629	1415.751319	1644.897269	2126.773111	2599.926489	2818.737648
1507.528363	1657.718467	1998.40747	2366.917684	2549.151248	1509.125239	1670.80632	2029.615455	2409.076374	2594.275849	1495.769963	1670.365403	2046.968991	2434.692196	2621.1517	1470.107999	1658.481671	2051.666624	2444.74541	2630.839979	1436.448626	1638.083042	2045.356467	2440.792494	2625.060789	1402.694568	1614.914202	2032.424097	2427.485208	2608.812703	1379.562033	1597.662417	2020.847033	2413.713583	2591.618669	1376.14529	1594.198032	2017.837578	2407.220995	2581.660284	1387.539905	1601.972773	2025.663134	2417.338451	2592.474535	1391.107045	1604.826695	2040.890321	2456.179689	2644.888468	1428.219339	1650.76012	2118.745815	2578.260472	2790.764365
1532.46411	1684.975437	2031.215602	2406.14066	2591.690694	1534.056166	1698.02167	2062.321279	2448.166641	2636.678444	1520.740198	1697.582188	2079.613938	2473.694905	2663.465623	1495.147327	1685.736268	2084.294606	2483.712342	2673.120639	1461.565528	1665.398731	2078.00719	2479.773588	2667.361373	1427.874061	1642.293369	2065.120261	2466.513076	2651.167995	1404.775437	1625.084715	2053.582538	2452.788384	2634.029743	1401.363075	1621.62856	2050.583102	2446.317402	2624.102666	1416.420397	1631.599914	2056.765549	2449.804667	2625.550569	1416.28329	1631.626994	2071.004261	2489.449407	2679.592182	1447.291954	1665.557017	2124.551214	2575.237128	2783.658144
1557.46307	1712.296614	2064.099497	2445.465243	2634.3493	1559.049354	1725.293446	2095.084335	2487.333438	2679.173321	1545.780658	1724.85566	2112.305844	2512.758962	2705.855871	1520.272228	1713.054618	2116.966769	2522.734674	2715.471883	1486.788214	1692.790331	2110.705825	2518.81242	2709.735965	1453.179687	1669.762295	2097.871992	2505.606558	2693.606934	1430.12896	1652.607109	2086.380474	2491.936965	2676.534677	1426.723047	1649.161265	2083.392842	2485.49144	2666.644833	1446.37859	1663.440428	2092.325278	2488.802576	2666.085847	1444.618389	1661.060389	2102.678568	2523.257869	2714.370409	1471.701368	1687.590837	2141.589346	2587.37	2793.522563
1582.512373	1739.667832	2097.042074	2484.871236	2677.105345	1584.091919	1752.607348	2127.887228	2526.556137	2721.738287	1570.878601	1752.171525	2145.027147	2551.863488	2748.299986	1545.470241	1740.422547	2149.665509	2561.791433	2757.871158	1512.104617	1720.24388	2143.434827	2557.888054	2752.162069	1478.599803	1697.307273	2130.661869	2544.744848	2736.10718	1455.61127	1680.216091	2119.223533	2531.13865	2719.111307	1452.21392	1676.782676	2116.249521	2524.7225	2709.264721	1471.81782	1691.009403	2125.140981	2528.018587	2708.708159	1475.294137	1691.982398	2134.103038	2555.160861	2746.490844	1498.690594	1713.927201	2166.552794	2610.985384	2816.514531
1607.599034	1767.074801	2130.026101	2524.338253	2719.936896	1609.170857	1779.948961	2160.712436	2565.813947	2764.350965	1596.021155	1779.51537	2177.760172	2590.987459	2790.77534	1570.728765	1767.825757	2182.373108	2600.861506	2800.295749	1537.502514	1747.745283	2176.176533	2596.979411	2794.617021	1504.122594	1724.914447	2163.472344	2583.906983	2778.646221	1481.210843	1707.897991	2152.094272	2570.372605	2761.737282	1477.824218	1704.479163	2149.135725	2563.989808	2751.940074	1497.364024	1718.644521	2157.980699	2567.268803	2751.386282	1508.048539	1725.194442	2168.248833	2590.195924	2781.929992	1527.169174	1740.867451	2190.258056	2631.514214	2835.574412
1632.709946	1794.503104	2163.0342	2563.845719	2762.821806	1634.273047	1807.303751	2193.542306	2605.085913	2806.988791	1621.195327	1806.872668	2210.487118	2630.109703	2833.259134	1596.035058	1795.249826	2215.071728	2639.923637	2842.722774	1562.969522	1775.280307	2208.913157	2636.065269	2837.077988	1529.736065	1752.569813	2196.285739	2623.071853	2821.201364	1506.915971	1735.638981	2184.975114	2609.617835	2804.39006	1503.542272	1732.236934	2182.0339	2603.272425	2794.648443	1523.00529	1746.331843	2190.826803	2606.532255	2794.097771	1540.859064	1757.905365	2200.756532	2622.51008	2814.156202	1553.287555	1767.351244	2217.510282	2659.520964	2863.930093
1657.831885	1821.938201	2196.048841	2603.372869	2805.737712	1659.385251	1834.657069	2226.359053	2644.350915	2849.629013	1646.387994	1834.228771	2243.190069	2669.208896	2875.728397	1621.376239	1822.680205	2247.743417	2678.956427	2885.129187	1588.493097	1802.834581	2241.626794	2675.124257	2879.521969	1555.428041	1780.259212	2229.084249	2662.21819	2863.749737	1532.714748	1763.425072	2217.848344	2648.853184	2847.046912	1529.356221	1760.042032	2214.926358	2642.549246	2837.367181	1548.729522	1774.057272	2223.66153	2645.787811	2836.819986	1573.677024	1791.845099	2236.985083	2660.918407	2853.555026	1577.783711	1792.620549	2244.405459	2688.012582	2893.15999
1682.951504	1849.365423	2229.052346	2642.898749	2848.662036	1684.494111	1861.994144	2259.144762	2683.587668	2892.248691	1671.58591	1861.568913	2275.850985	2708.263568	2918.159987	1646.739282	1850.102221	2280.370104	2717.938334	2927.491774	1614.060533	1830.393598	2274.299416	2714.134863	2921.925794	1581.186167	1807.968337	2261.849938	2701.324575	2906.26829	1558.59508	1791.24211	2250.696112	2688.057332	2889.684918	1555.254007	1787.880339	2247.79527	2681.799001	2880.073445	1574.524438	1801.806555	2256.466985	2685.014176	2879.530088	1603.212372	1822.81757	2270.889794	2697.615665	2891.521227	1606.486038	1821.771077	2274.498518	2719.031112	2924.606507
1708.055338	1876.769977	2262.026882	2682.402209	2891.571982	1709.586148	1889.300089	2291.881387	2722.774722	2934.824693	1696.775696	1888.878209	2308.451707	2747.252098	2960.530588	1672.111019	1877.501073	2312.933598	2756.847672	2969.787157	1639.65896	1857.942711	2306.912874	2753.075425	2964.26612	1606.997905	1835.682726	2294.564741	2740.369434	2948.73379	1584.544672	1819.075782	2283.500429	2727.208795	2932.280966	1581.223375	1815.73757	2280.622668	2721.000252	2922.744197	1600.377573	1829.565285	2289.22514	2724.189889	2922.205042	1634.395976	1854.765833	2304.398229	2732.609945	2927.190679	1634.603021	1851.524008	2307.691719	2755.602311	2962.73987
1733.129799	1904.136939	2294.954467	2721.861909	2934.444537	1734.647764	1916.559897	2324.550746	2761.890458	2977.333698	1721.943848	1916.141655	2340.973954	2786.152712	3002.81671	1697.478137	1904.861835	2345.415594	2795.662611	3011.991786	1665.275345	1885.467132	2339.448896	2791.924135	3006.519433	1632.850531	1863.387763	2327.21046	2779.331035	2991.122823	1610.551034	1846.911606	2316.243169	2766.285929	2974.811751	1607.251872	1843.599273	2313.390445	2760.131391	2965.356197	1626.276269	1857.318896	2321.917832	2763.293323	2964.821612	1667.082375	1889.379957	2342.945594	2774.90317	2971.186034	1665.783073	1883.810401	2342.304658	2792.499684	3000.693686
1758.161178	1931.45126	2327.816966	2761.256314	2977.256465	1759.66524	1943.758439	2357.134528	2800.913091	3019.752193	1747.076732	1943.344126	2373.399322	2824.943487	3044.994688	1722.827177	1932.169451	2377.797662	2834.361177	3054.081946	1690.896487	1912.951933	2371.889086	2830.659038	3048.662049	1658.731137	1891.068676	2359.768768	2818.187494	3033.411794	1636.601477	1874.734938	2348.906067	2805.26692	3017.253777	1633.326839	1871.450828	2346.080352	2799.170643	3007.886006	1652.207681	1885.05266	2354.526762	2802.302682	3007.356363	1692.688626	1916.82938	2375.351765	2813.802057	3013.661803	1698.815705	1917.091098	2376.107017	2826.814262	3035.245141
1783.135642	1958.697759	2360.596087	2800.563692	3019.98431	1784.624735	1970.880469	2389.614285	2839.820666	3062.056473	1772.160581	1970.470375	2405.709285	2863.602346	3087.040684	1748.144534	1959.408737	2410.061257	2872.921247	3096.03375	1716.509019	1940.382045	2404.214926	2869.258031	3090.670109	1684.626627	1918.71054	2392.221204	2856.916766	3075.576921	1662.683109	1902.530965	2381.470718	2844.129791	3059.583351	1659.435417	1899.277447	2378.674	2838.096064	3050.309986	1678.158771	1912.751693	2387.033497	2841.196007	3049.78566	1718.284965	1944.221355	2407.641169	2852.576832	3056.027657	1734.678394	1953.414781	2413.400134	2865.059264	3073.930346
1808.039235	1985.861126	2393.273388	2839.762116	3062.604394	1809.512283	1997.910615	2421.971437	2878.591059	3104.222637	1797.181502	1997.505035	2437.885194	2902.107062	3128.93068	1773.416457	1986.56438	2442.187713	2911.320555	3137.823144	1742.099405	1967.742256	2436.407772	2907.698861	3132.51958	1710.523714	1946.298268	2424.549177	2895.496653	3117.594243	1688.782833	1930.284705	2413.918577	2882.8524	3101.776586	1685.56454	1927.064171	2411.152856	2876.885537	3092.604296	1704.116307	1940.400948	2419.419467	2879.951166	3092.085665	1743.857844	1971.540648	2439.795149	2891.205314	3098.259727	1769.835558	1988.471613	2448.245976	2899.697935	3108.47321
1832.857878	2012.925923	2425.830269	2878.829461	3105.092813	1834.3138	2024.833386	2454.187266	2917.201976	3146.226592	1822.125464	2024.432616	2469.908276	2940.43525	3170.640483	1798.629044	2013.620937	2474.158241	2949.536686	3179.4259	1767.653938	1995.017212	2468.448857	2945.959126	3174.186255	1736.40892	1973.81662	2456.733959	2933.904795	3159.439608	1714.88735	1957.98101	2446.23096	2921.412435	3143.809397	1711.700934	1954.795869	2443.498247	2915.516775	3134.744891	1730.066862	1967.985215	2451.665966	2918.54586	3134.232334	1769.393544	1998.771887	2471.794924	2929.66516	3140.333945	1805.867171	2025.633216	2487.783861	2941.569088	3151.42339
1857.577935	2039.877202	2458.248727	2917.744298	3147.426406	1859.015644	2051.633799	2486.243684	2955.63186	3188.045026	1846.978876	2051.238136	2501.760401	2978.56529	3212.146707	1823.768806	2040.56346	2505.954703	2987.547996	3220.818608	1793.159293	2022.192032	2500.320054	2984.017191	3215.646738	1762.269115	2001.250806	2488.757456	2972.119586	3201.089664	1740.983684	1985.605168	2478.389799	2959.788325	3185.658482	1737.83165	1982.457846	2475.692113	2953.968226	3176.708499	1755.99735	1995.489733	2483.754912	2956.958526	3176.202398	1794.878729	2025.900177	2503.622362	2967.934776	3182.227017	1837.35303	2058.566726	2523.761664	2980.53608	3191.772741
1882.198796	2066.714327	2490.528005	2956.505654	3189.604067	1883.61721	2078.311264	2518.140059	2993.879895	3229.676993	1871.741086	2077.921003	2533.441014	3016.496477	3253.448517	1848.835019	2067.391313	2537.576565	3025.353827	3262.000476	1818.614677	2049.266013	2532.020801	3021.872379	3256.900212	1788.103471	2028.600054	2520.619046	3010.140291	3242.543524	1767.071	2013.156363	2510.394425	2997.979277	3227.322885	1763.955852	2010.049279	2507.733773	2992.239067	3218.494127	1781.906939	2022.913713	2515.685659	2995.188358	3217.994862	1820.312609	2052.924826	2535.276917	3006.013406	3223.937976	1870.904053	2092.888007	2559.702738	3018.067628	3230.039807
1906.733023	2093.451122	2522.684772	2995.133248	3231.647019	1908.131076	2104.879736	2549.893373	3031.966217	3271.14415	1896.424548	2104.495168	2564.967282	3054.249208	3294.567839	1873.839905	2094.11833	2569.041043	3062.974682	3302.993529	1844.032036	2076.252791	2563.568246	3059.545152	3297.968642	1813.923687	2055.877791	2552.335743	3047.987233	3283.822988	1793.160847	2040.647874	2542.261732	3036.00547	3268.824235	1790.085069	2037.583417	2539.64009	3030.349414	3260.123306	1807.807283	2050.270527	2547.475164	3033.255504	3259.63125	1845.707146	2079.859511	2566.775776	3043.921324	3265.488411	1906.480774	2130.406573	2601.304851	3063.679371	3277.505816
1931.193872	2120.102168	2554.736606	3033.647892	3273.57767	1932.570513	2131.353922	2581.52151	3069.912035	3312.469322	1921.042409	2130.975332	2596.357262	3091.844952	3335.527763	1898.796392	2120.759097	2600.366245	3100.432132	3343.820955	1869.42403	2103.166766	2594.980432	3097.057038	3338.875157	1839.742187	2083.098215	2583.925458	3085.681805	3324.951026	1819.265506	2068.093756	2574.009515	3073.888161	3310.185333	1816.231561	2065.07429	2571.42883	3068.320459	3301.618743	1833.71076	2077.574319	2579.14128	3071.181188	3301.134266	1871.075014	2106.718668	2598.13702	3081.679877	3306.901088	1930.945483	2156.47961	2632.110797	3101.125622	3318.732242
1955.594722	2146.682176	2586.701244	3072.070593	3315.418651	1956.948914	2157.748648	2613.042488	3107.738731	3353.675534	1945.60795	2157.37632	2627.629138	3129.305328	3376.351558	1923.717552	2147.328334	2631.570398	3137.747894	3384.506113	1894.80349	2130.022482	2626.275527	3134.429719	3379.643064	1865.571583	2110.27568	2615.406234	3123.24556	3365.95079	1845.397459	2095.508232	2605.655712	3111.648774	3351.429179	1842.407792	2092.536092	2603.117902	3106.173566	3343.00335	1859.629945	2104.839395	2610.702001	3108.986807	3342.526814	1896.429056	2133.516875	2629.378853	3119.310574	3348.198973	1955.350381	2182.454582	2662.772592	3138.429676	3359.83503
1979.949079	2173.20599	2618.596576	3110.422559	3357.192822	1981.279798	2184.078867	2644.474463	3145.467861	3394.786005	1970.134584	2183.713079	2658.801221	3166.652115	3417.062672	1948.61661	2173.840889	2662.671857	3174.943836	3425.072536	1920.183412	2156.834625	2657.471826	3171.685026	3420.295843	1891.424679	2137.424701	2646.796253	3160.700212	3406.845624	1871.569392	2122.905694	2637.218402	3149.308905	3392.578971	1868.626433	2119.983193	2634.725361	3143.930276	3384.300242	1885.577603	2132.080222	2642.175459	3146.693928	3383.832008	1921.78228	2160.268852	2660.519603	3156.835089	3389.405231	1979.708971	2208.346696	2693.308937	3175.613408	3400.837461
2004.270575	2199.688585	2650.440652	3148.7252	3398.923266	2005.576806	2210.359655	2675.835729	3183.121152	3435.824153	1994.635856	2210.000682	2689.891945	3203.907247	3457.684733	1973.506938	2200.311745	2693.689096	3212.041977	3465.543931	1945.576966	2183.618028	2688.587751	3208.844945	3460.857155	1917.314468	2164.55995	2678.113832	3198.067638	3447.659059	1897.794198	2150.300705	2668.715809	3186.890318	3433.658106	1894.900363	2147.430134	2666.269407	3181.612302	3425.532742	1911.566697	2159.311432	2673.579923	3184.324291	3425.073163	1947.147867	2186.98946	2691.577724	3194.275258	3430.543231	2004.034882	2234.171264	2723.738634	3212.698843	3441.763008
2028.572966	2226.145071	2682.251681	3187.000123	3440.633298	2029.853708	2236.606212	2707.144718	3220.720508	3476.813596	2019.125449	2236.254327	2720.919876	3241.092818	3498.241554	1998.402058	2226.756015	2724.640714	3249.064485	3505.944182	1970.997493	2210.387669	2719.641854	3245.931613	3501.350841	1943.254139	2191.696262	2709.377422	3235.369875	3488.414816	1924.084977	2177.707999	2700.1663	3224.414949	3474.690183	1921.24267	2174.89163	2697.768384	3219.241532	3466.724378	1937.610388	2186.547823	2704.933807	3221.899809	3466.273807	1972.539168	2213.693704	2722.571796	3231.653086	3471.636545	2028.34187	2259.943705	2754.080584	3249.708156	3482.635341
2052.870139	2252.59069	2714.048031	3225.269142	3482.346458	2054.124399	2262.833865	2738.420001	3258.288005	3517.77815	2043.617177	2262.489337	2751.903703	3278.231077	3538.757128	2023.315648	2253.188947	2755.545438	3286.033682	3546.297348	1996.458508	2237.158673	2750.652815	3282.967326	3541.800921	1969.257073	2218.848633	2740.605616	3272.629124	3529.136805	1950.45504	2205.142483	2731.58839	3261.904907	3515.699003	1947.666656	2202.382571	2729.240787	3256.840033	3507.89889	1963.722036	2213.804356	2736.255663	3259.44257	3507.457673	1997.969705	2240.396733	2753.520524	3268.990742	3512.70895	2052.643818	2285.679544	2784.353787	3286.663675	3523.478323
2077.176106	2279.04082	2745.84823	3263.554275	3524.086522	2078.402901	2289.058065	2769.680289	3295.845899	3558.741835	2068.124992	2288.721161	2782.862247	3315.344435	3579.25563	2048.261533	2279.625923	2786.422115	3322.97204	3586.627664	2021.9737	2263.946312	2781.639442	3319.974529	3582.231593	1995.336852	2246.032221	2771.81714	3309.867751	3569.849131	1976.917909	2232.619239	2763.000734	3299.382474	3556.708568	1974.185835	2229.918026	2760.705256	3294.430048	3549.080224	1989.915202	2241.096161	2767.564185	3296.974836	3548.648706	2023.453175	2267.113841	2784.442741	3306.310562	3553.784427	2076.954739	2311.394411	2814.577342	3323.587878	3564.316016
2101.505011	2305.510975	2777.670969	3301.877742	3565.877495	2102.703363	2315.294392	2800.944435	3333.416619	3599.728871	2092.662984	2314.965376	2813.814455	3352.455461	3619.761423	2073.253697	2306.082461	2817.289721	3359.902187	3626.959544	2047.556937	2290.766009	2812.620675	3356.975829	3622.667242	2021.507254	2273.26235	2803.030863	3347.108285	3610.576088	2003.487321	2260.153526	2794.422139	3336.870104	3597.743087	2000.813941	2257.513238	2792.180579	3332.033996	3590.292538	2016.203652	2268.438536	2798.87821	3334.519046	3589.871062	2049.003451	2293.860467	2815.357406	3343.63505	3594.887164	2101.288773	2337.104044	2844.770451	3360.503395	3605.172678
2125.871125	2332.016804	2809.535099	3340.261971	3607.743617	2127.040065	2341.558551	2832.23143	3371.022773	3640.763682	2117.245377	2341.237685	2844.779404	3389.586884	3660.299051	2098.306276	2332.574213	2848.167358	3396.846901	3667.317581	2073.22226	2317.633332	2843.615583	3393.993983	3663.132431	2047.782258	2300.554508	2834.265789	3384.373421	3651.342166	2030.177231	2287.760776	2825.871556	3374.390427	3638.826972	2027.564924	2285.183631	2823.685693	3369.67448	3631.560203	2042.601355	2295.84695	2830.216717	3372.097815	3631.149107	2074.634579	2320.652199	2846.283609	3380.986879	3636.041558	2125.660192	2362.824288	2874.952416	3397.433011	3646.072764
2150.288851	2358.574093	2841.459635	3378.729599	3649.709364	2151.427414	2367.866377	2863.56041	3408.687151	3681.870897	2141.886537	2367.553923	2875.776303	3426.761596	3700.893248	2123.433562	2359.116967	2879.074252	3433.829118	3707.726545	2098.983894	2344.564005	2874.643366	3431.05191	3703.651908	2074.176047	2327.92435	2865.541065	3421.68602	3692.172047	2057.00181	2315.456603	2857.368083	3411.966249	3679.984841	2054.452957	2312.944812	2855.239688	3407.374277	3672.907801	2069.122489	2323.33704	2861.598829	3409.733936	3672.507423	2100.360787	2347.504771	2877.240565	3418.38889	3677.272214	2150.083397	2388.571098	2905.142638	3434.399662	3687.04093
2174.772721	2385.198766	2873.463758	3417.303471	3691.799448	2175.879948	2394.233832	2894.95065	3446.432717	3723.07535	2166.600967	2393.930049	2906.824488	3464.00265	3741.568932	2148.650007	2385.726651	2910.029759	3470.871925	3748.211389	2124.856242	2371.573899	2905.723356	3468.172684	3744.250605	2100.703008	2355.387696	2896.875977	3459.069109	3733.090612	2083.975451	2343.256797	2888.93097	3449.620551	3721.241521	2081.492434	2340.812565	2886.8618	3445.156351	3714.36013	2095.781442	2350.924615	2893.043813	3447.450381	3713.970806	2126.196479	2374.434065	2908.247619	3455.864096	3718.603947	2174.57292	2414.360533	2935.360621	3471.426442	3728.102033
2199.337403	2411.906887	2905.566811	3456.006639	3734.038819	2200.412336	2420.677009	2926.42157	3484.28262	3764.402081	2191.403311	2420.382156	2937.943428	3501.333261	3782.35121	2173.970218	2412.419328	2941.053361	3507.998568	3788.797245	2150.853889	2398.679039	2936.875016	3505.379538	3784.953639	2127.377733	2382.960539	2928.289953	3496.545884	3774.122934	2111.112771	2371.177332	2920.579612	3487.376493	3762.622046	2108.697977	2368.802861	2918.571419	3483.043843	3755.942203	2122.592811	2378.62566	2924.571083	3485.270301	3755.564267	2152.156242	2401.456113	2939.324246	3493.435679	3760.061782	2199.143426	2440.208766	2965.625971	3508.536596	3769.28113
2223.997693	2438.714655	2937.788304	3494.862371	3776.452667	2225.039377	2447.212129	2957.992735	3522.260188	3805.876338	2216.308355	2446.926464	2969.152723	3538.776807	3823.265377	2199.408962	2439.211201	2972.164669	3545.232447	3829.509428	2176.991605	2425.895602	2968.117944	3542.695863	3825.786313	2154.215024	2410.659037	2959.802561	3534.139709	3815.294287	2138.428611	2399.234362	2952.333558	3525.257411	3804.15166	2136.084434	2396.931854	2950.388086	3521.060078	3797.679249	2149.571408	2406.456332	2956.200195	3523.217027	3797.313034	2178.254845	2428.587097	2970.490051	3531.126993	3801.670957	2223.809714	2466.132074	2995.958395	3545.753528	3810.603482
2248.768523	2465.638415	2970.147913	3533.894144	3819.066423	2249.776004	2473.855546	2989.683851	3560.388932	3847.523579	2241.331024	2473.579325	3000.472105	3576.356832	3864.336918	2224.981168	2466.118613	3003.383422	3582.597119	3870.373435	2203.284344	2453.239922	2999.471869	3580.145212	3866.774117	2181.22989	2438.499521	2991.433513	3571.874116	3856.63014	2165.93804	2427.444225	2984.212503	3563.286822	3845.855818	2163.666884	2425.215884	2982.331497	3559.228565	3839.596713	2176.732259	2434.432962	2987.950856	3561.314071	3839.242554	2204.507239	2455.843351	3001.764769	3568.961566	3843.456925	2248.586714	2492.146848	3026.377704	3583.100797	3852.094551
2273.664958	2492.694647	3002.665484	3573.12565	3861.905759	2274.637282	2500.623743	3021.514773	3598.692546	3889.36947	2266.486389	2500.357224	3031.92144	3614.097043	3905.591508	2250.701925	2493.158046	3034.72949	3620.1163	3911.414946	2229.747247	2480.728483	3030.956654	3617.751296	3907.942728	2208.437556	2466.498496	3023.202664	3609.772809	3898.156166	2193.656356	2455.823444	3016.236297	3601.488421	3887.760186	2191.460639	2453.671479	3014.421498	3597.572998	3881.720263	2204.090607	2462.572061	3019.842916	3599.585128	3881.378493	2230.92856	2483.24136	3033.168267	3606.963096	3885.44535	2273.489492	2518.269588	3056.903809	3620.602117	3893.780005
2298.7022	2519.899975	3035.361027	3612.580795	3904.996594	2299.63841	2527.533335	3053.505498	3637.194907	3931.439887	2291.789662	2527.276776	3063.520725	3652.021312	3947.055014	2276.586485	2520.346123	3066.222871	3657.813864	3952.659826	2256.395642	2508.37793	3062.592297	3655.537988	3949.318011	2235.853458	2494.672635	3055.130011	3647.85966	3939.898233	2221.59909	2484.388726	3048.424942	3639.886084	3929.890643	2219.481243	2482.315354	3046.678091	3636.117256	3924.075784	2231.661916	2490.890315	3051.896374	3638.054076	3923.746736	2257.534134	2510.797762	3064.720543	3645.15546	3927.662115	2298.533248	2544.516902	3087.556727	3658.281363	3935.685719
2323.895583	2547.271167	3068.254726	3652.283702	3948.36509	2324.794721	2554.601072	3085.676172	3675.920079	3973.760922	2317.2562	2554.35473	3095.290091	3690.153679	3988.753494	2302.650263	2547.699609	3097.883694	3695.713841	3994.134126	2283.245048	2536.205062	3094.398932	3693.529323	3990.926022	2263.49325	2523.03879	3087.235699	3686.158715	3981.882413	2249.782007	2513.156969	3080.79859	3678.50387	3972.273281	2247.744481	2511.164414	3079.121434	3674.885403	3966.689383	2259.46187	2519.404591	3084.131378	3676.744975	3966.373392	2284.339471	2538.529349	3096.441728	3683.562704	3970.133318	2323.73332	2570.905513	3118.356576	3696.162565	3977.837772
2349.260581	2574.825131	3101.366933	3692.258711	3992.037657	2350.121685	2581.843835	3118.047087	3714.89231	4016.358875	2342.901507	2581.607969	3127.249805	3728.518349	4030.7132	2328.90884	2575.235411	3129.732218	3733.840424	4035.86408	2310.311173	2564.226837	3126.396825	3731.749498	4032.793006	2291.372801	2551.613986	3119.540013	3724.69419	4024.13498	2278.221108	2542.145255	3113.377549	3717.366018	4014.93441	2276.266373	2540.235759	3111.77184	3713.901691	4009.58739	2287.506376	2548.131936	3116.568226	3715.682071	4009.284792	2311.360273	2566.453067	3128.352084	3722.209055	4012.885274	2349.10518	2597.452254	3149.323578	3734.269916	4020.262452
2374.812804	2602.578919	3134.71817	3732.53038	4036.040953	2375.634906	2609.27864	3150.638683	3754.136036	4059.260264	2368.741231	2609.053509	3159.420268	3767.139697	4072.960577	2355.377962	2602.970582	3161.788835	3772.217965	4077.876113	2337.609919	2592.460369	3158.606382	3770.222873	4074.945398	2319.508201	2580.415426	3152.063387	3763.490476	4066.682411	2306.932634	2571.370861	3146.182282	3756.496952	4057.900552	2305.063184	2569.546676	3144.649777	3753.190561	4052.796357	2315.811567	2577.089576	3149.227363	3754.889796	4052.50749	2338.612431	2594.58602	3160.472008	3761.118912	4055.944518	2374.664439	2624.17407	3180.478062	3772.627764	4062.986255
2400.567998	2630.54973	3168.329133	3773.123487	4080.401887	2401.350124	2636.922636	3183.471548	3793.67588	4102.49182	2394.791168	2636.708503	3191.822015	3806.042264	4115.522268	2382.073544	2630.922314	3194.074067	3810.870976	4120.196833	2365.157382	2620.922937	3191.048144	3808.973973	4117.409828	2347.915764	2609.460488	3184.826402	3802.572135	4109.551388	2335.933065	2600.851251	3179.233403	3795.921281	4101.198449	2334.151422	2599.114652	3177.775873	3792.776642	4096.343063	2344.393804	2606.294922	3182.129387	3794.392769	4096.068266	2366.11203	2622.945464	3192.82203	3800.316856	4099.337807	2400.426846	2651.088017	3211.840456	3811.26062	4106.035888
2426.54205	2658.754907	3202.220691	3814.063032	4125.147616	2427.28322	2664.79311	3216.566421	3833.536654	4146.080492	2421.067262	2664.590238	3224.47572	3845.250761	4158.425107	2409.011666	2659.107948	3226.608571	3849.824132	4162.85304	2392.969853	2649.631974	3223.742788	3848.027485	4160.213117	2376.612024	2638.766732	3217.849784	3841.963908	4152.768797	2365.239128	2630.604084	3212.551687	3835.663795	4144.855062	2363.547842	2628.957364	3211.170913	3832.684754	4140.254513	2373.269674	2635.765571	3215.295047	3834.215795	4139.994128	2393.875348	2651.548818	3225.422816	3839.827641	4143.092116	2426.408289	2678.211267	3243.431298	3850.193156	4149.438267
2452.750987	2687.211938	3236.413886	3855.374236	4170.305554	2453.45021	2692.907483	3249.944187	3873.743358	4190.053446	2447.585606	2692.716138	3257.402191	3884.790069	4201.696129	2436.208581	2687.544968	3259.413135	3889.102269	4205.871722	2421.06382	2678.605081	3256.71113	3887.408264	4203.382279	2405.613744	2668.351897	3251.154406	3881.690707	4196.361731	2394.867793	2660.647214	3246.158062	3875.749475	4188.897569	2393.269448	2659.09269	3244.855839	3872.939906	4184.557937	2402.456002	2665.5193	3248.745242	3874.383867	4184.31231	2421.91886	2680.413654	3258.295165	3879.676203	4187.234645	2452.624794	2705.561104	3275.271228	3889.450204	4193.220521
2479.210975	2715.93846	3270.929936	3897.082544	4215.903368	2479.867251	2721.283313	3283.625886	3914.321184	4234.438065	2474.362441	2721.103763	3290.622374	3924.68524	4245.362565	2463.680709	2716.251007	3292.508682	3928.730387	4249.280058	2449.455971	2707.860018	3289.974126	3927.141329	4246.944525	2434.937912	2698.233902	3284.761292	3921.777623	4240.35749	2424.83628	2690.998688	3280.073615	3916.203486	4233.35337	2423.333494	2689.538704	3278.851757	3913.567301	4229.280795	2431.96984	2695.574078	3282.501027	3914.922169	4229.050275	2450.259237	2709.557708	3291.460012	3919.887659	4231.792817	2479.092532	2733.154925	3307.380992	3929.056761	4237.409992
2505.938321	2744.952257	3305.790233	3939.213627	4261.968979	2506.550639	2749.938296	3317.632706	3955.295516	4279.261954	2501.414161	2749.770811	3324.157354	3964.961497	4289.451844	2491.444645	2745.243842	3325.916267	3968.733648	4293.105416	2478.163191	2737.414708	3323.552868	3967.251867	4290.927259	2464.601747	2728.430852	3318.691613	3962.249921	4284.783582	2455.162058	2721.676752	3314.319589	3957.051181	4278.250088	2453.757489	2720.313682	3313.179928	3954.592334	4274.450779	2461.828482	2725.948058	3316.583608	3955.856075	4274.235718	2478.913348	2738.998872	3324.93843	3960.487303	4276.79428	2505.827809	2761.010243	3339.781443	3969.037983	4282.034236
2532.949474	2774.27126	3341.016347	3981.793382	4308.530569	2533.51681	2778.890265	3351.985988	3996.691928	4324.552937	2528.757311	2778.73512	3358.028352	4005.644234	4333.991595	2519.517155	2774.5414	3359.657081	4009.13738	4337.375358	2507.20257	2767.287241	3357.468589	4007.765231	4335.358082	2494.622702	2758.961031	3352.966691	4003.133048	4329.667725	2485.862852	2752.699849	3348.917389	3998.318101	4323.615568	2484.559199	2751.436099	3347.86178	3996.040594	4320.095808	2492.049455	2756.659583	3351.014344	3997.211149	4319.896563	2507.898263	2768.755203	3358.751627	4001.500613	4322.266907	2532.84708	2789.144685	3372.493537	4009.419193	4327.121023
2560.260538	2803.913017	3376.629382	4024.847162	4355.615745	2560.781854	2808.156656	3386.70658	4038.535418	4370.338229	2556.408098	2808.01413	3392.256082	4046.758247	4379.008813	2547.914693	2804.161222	3393.751804	4049.966302	4382.116803	2536.590916	2797.495336	3391.742016	4048.706171	4380.263959	2525.017978	2789.84238	3387.607351	4044.451854	4375.037012	2516.95616	2784.086091	3383.887932	4040.029207	4369.477045	2515.756169	2782.924104	3382.918252	4037.937093	4366.243202	2522.650049	2787.726656	3385.814106	4039.012376	4366.060135	2537.230769	2798.844382	3392.9203	4042.952476	4368.237967	2560.166449	2817.575457	3405.537691	4050.225104	4372.697506
2587.876495	2833.882888	3412.635765	4068.382844	4403.233208	2588.350735	2837.742694	3421.800588	4080.833415	4416.62604	2584.371637	2837.613069	3426.846481	4088.310711	4424.511433	2576.642672	2834.108659	3428.206328	4091.227492	4427.33759	2566.334069	2828.04457	3426.379101	4090.081801	4425.652787	2555.793886	2821.080741	3422.619672	4086.213583	4420.899505	2548.448642	2815.841532	3419.237411	4082.191881	4415.842757	2547.355111	2814.783793	3418.35557	4080.289278	4412.901306	2553.636674	2819.155195	3420.989027	4081.267171	4412.734785	2566.916682	2829.271941	3427.450367	4084.850184	4414.715738	2587.790901	2846.307491	3438.919456	4091.462785	4418.77182
2615.791077	2864.173914	3449.027085	4112.390616	4451.372519	2616.217166	2867.641263	3457.259239	4123.575605	4463.405378	2612.641805	2867.524827	3461.790585	4130.291022	4470.488154	2605.695306	2864.376744	3463.011637	4132.910234	4473.026308	2596.426722	2858.928227	3461.370896	4131.881451	4471.513218	2586.945644	2852.669701	3457.994849	4128.407713	4467.244041	2580.335901	2847.959992	3454.957154	4124.795755	4462.701746	2579.351687	2847.009036	3454.165095	4123.086858	4460.059279	2585.004659	2850.938873	3456.530367	4123.965201	4459.909679	2596.950667	2860.03111	3462.332841	4127.183266	4461.689306	2615.714172	2875.33334	3472.629431	4133.121514	4465.332889
2643.997458	2894.778529	3485.794203	4156.859792	4500.022286	2644.374303	2897.844647	3493.07304	4166.750807	4510.664312	2641.211922	2897.741691	3497.078712	4172.687716	4516.926739	2635.066246	2894.957901	3498.157999	4175.00296	4519.170614	2626.862995	2890.138976	3496.707738	4174.093592	4517.832974	2618.467886	2884.602225	3493.723357	4171.022858	4514.058524	2612.612952	2880.434669	3491.037764	4167.829597	4510.042108	2611.740971	2879.593077	3490.337465	4166.318672	4507.705337	2616.748748	2883.070739	3492.428661	4167.095271	4507.573037	2627.326815	2891.114511	3497.558018	4169.940387	4509.146813	2643.929441	2904.644964	3506.657505	4175.189712	4512.368695
2672.488745	2925.689094	3522.927892	4201.779571	4549.170991	2672.815232	2928.345056	3529.232418	4210.347744	4558.390797	2670.075232	2928.25588	3532.701109	4215.489244	4563.81485	2664.749059	2925.844482	3533.635615	4217.494016	4565.758068	2657.636912	2921.669409	3532.37989	4216.706612	4564.599675	2650.355141	2916.87119	3529.795595	4214.047544	4561.330747	2645.274699	2913.258666	3527.469763	4211.282078	4557.851832	2644.517926	2912.529065	3526.863234	4209.973464	4555.827577	2648.86358	2915.543754	3528.674369	4210.646086	4555.712967	2658.039124	2922.514684	3533.116124	4213.110124	4557.07629	2672.429816	2934.234263	3540.993516	4217.655718	4559.867115
2701.257971	2956.897892	3560.418833	4247.139043	4598.806987	2701.53297	2959.134635	3565.727724	4254.355041	4606.57268	2699.224907	2959.059539	3568.647953	4258.683967	4611.140047	2694.737226	2957.028763	3569.434615	4260.371662	4612.776129	2688.742405	2953.512035	3568.377544	4259.708811	4611.800841	2682.601837	2949.469387	3566.201886	4257.470206	4609.0484	2678.315939	2946.424992	3564.243595	4255.141777	4606.11879	2677.677402	2945.810057	3563.732877	4254.039879	4604.413984	2681.343687	2948.350785	3565.257868	4254.606257	4604.317457	2689.081501	2954.22409	3568.997314	4256.680958	4605.465652	2701.208335	2964.093078	3575.627243	4260.507783	4607.815915
2730.2981	2988.397135	3598.257623	4292.927182	4648.918502	2730.520462	2990.205455	3602.549233	4298.761226	4655.197692	2728.654039	2990.144748	3604.909347	4302.260159	4658.889789	2725.024149	2988.502947	3605.545057	4303.624076	4660.212161	2720.17331	2985.659281	3604.69082	4303.088404	4659.42389	2715.202293	2982.389513	3602.932474	4301.279186	4657.199067	2711.731353	2979.926559	3601.349618	4299.397173	4654.830744	2711.214138	2979.429007	3600.936785	4298.506463	4653.452424	2714.183494	2981.484609	3602.169461	4298.964295	4653.37438	2720.447754	2986.235112	3605.191673	4300.641279	4654.3027	2730.257964	2994.213189	3610.548411	4303.734078	4656.202751
2759.602024	3020.178959	3636.434765	4339.132851	4699.493633	2759.770583	3021.549519	3639.687138	4343.554728	4704.253455	2758.35565	3021.503511	3641.475324	4346.206002	4707.051431	2755.60314	3020.259161	3641.956932	4347.239348	4708.053427	2751.923367	3018.103493	3641.309765	4346.833516	4707.456142	2748.150725	3015.624179	3639.977528	4345.462736	4705.770222	2745.515509	3013.756186	3638.778114	4344.036649	4703.975341	2745.122756	3013.378777	3638.465266	4343.361663	4702.930649	2747.377317	3014.937912	3639.399369	4343.708616	4702.871493	2752.1316	3018.540048	3641.689214	4344.979382	4703.575121	2759.571599	3024.586318	3645.746687	4347.322685	4705.015172
2789.162562	3052.235424	3674.940674	4385.744797	4750.520349	2789.276137	3053.158758	3677.131555	4388.723876	4753.727478	2788.322682	3053.127766	3678.335845	4390.509591	4755.612225	2786.467431	3052.289459	3678.66016	4391.205483	4756.28709	2783.986219	3050.836933	3678.224355	4390.932188	4755.884812	2781.44124	3049.165902	3677.327138	4390.009015	4754.749235	2779.662863	3047.906591	3676.519279	4389.048492	4753.540116	2779.397765	3047.652129	3676.308548	4388.593827	4752.836291	2780.919364	3048.703284	3676.937733	4388.827534	4752.796435	2784.126657	3051.131119	3678.479881	4389.68347	4753.270488	2789.142061	3055.204128	3681.211683	4391.261603	4754.240616
2818.972462	3084.558513	3713.765674	4432.751653	4801.986491	2819.029857	3085.025034	3714.872523	4434.256902	4803.607154	2818.548002	3085.009376	3715.480799	4435.158932	4804.559321	2817.610166	3084.585816	3715.64459	4435.510402	4804.900215	2816.355415	3083.851781	3715.42449	4435.372374	4804.697016	2815.067835	3083.007108	3714.971317	4434.906091	4804.123366	2814.167753	3082.370399	3714.56323	4434.420891	4803.51249	2814.033555	3082.241727	3714.456773	4434.191203	4803.156864	2814.803731	3082.773223	3714.774616	4434.309269	4803.136725	2816.426449	3084.000463	3715.553543	4434.741651	4803.376256	2818.962103	3086.058219	3716.932954	4435.538745	4803.866408
2849.024401	3117.140134	3752.9	4480.141937	4853.879765	2849.024401	3117.140134	3752.9	4480.141937	4853.879765	2849.024401	3117.140134	3752.9	4480.141937	4853.879765	2849.024401	3117.140134	3752.9	4480.141937	4853.879765	2849.024401	3117.140134	3752.9	4480.141937	4853.879765	2849.024401	3117.140134	3752.9	4480.141937	4853.879765	2849.024401	3117.140134	3752.9	4480.141937	4853.879765	2849.024401	3117.140134	3752.9	4480.141937	4853.879765	2849.024401	3117.140134	3752.9	4480.141937	4853.879765	2849.024401	3117.140134	3752.9	4480.141937	4853.879765	2849.024401	3117.140134	3752.9	4480.141937	4853.879765
